126163 316572
545662 311580
386406 398197
483626 659383
566693 941711
985428 363892
371185 331917
371321 433050
289376 572947
243234 305524
656483 92218
223502 87548
157185 854259
306553 726993
372881 218640
611981 33224
553452 301237
263299 37874
110439 719228
315889 23884
101960 34490
680530 411794
383699 593299
978318 999819
958258 681296
926323 670787
269082 744131
925277 9139
107829 211883
612555 963870
2011 34661
583927 901639
117063 595529
387283 16058
528503 599375
317711 818343
472753 311103
143185 17914
769009 869472
81767 666364
156595 772830
615160 449485
793839 642960
550850 895741
778380 911882
617469 291738
785072 959216
44066 682252
140669 954701
922332 899785
868893 693728
436866 205276
841081 533422
924945 174355
988494 5082
824423 436435
835321 203091
296968 46806
759687 101203
946116 765188
649983 439655
614635 991331
784775 627030
378319 752676
66815 497511
724861 511492
129446 735810
852710 429106
87121 117620
223399 455509
312 525533
179951 621642
426113 870018
947014 423618
290105 158726
633899 982194
693010 605772
697542 322203
288008 922392
904497 156105
208011 990467
96662 774940
943933 613804
777848 360630
780121 706536
941565 724569
588622 455113
137398 561742
696089 800601
974030 176928
137892 745318
682875 478313
922563 126694
640825 383676
915352 656663
582305 621668
247929 3389
306085 365444
494912 82592
125953 997626
847091 387956
3447 433764
315776 689149
744544 655841
205628 754752
968075 493108
185305 960198
58390 237629
442435 593406
576827 794591
323606 719292
681718 106408
21799 386247
278247 260793
472280 79285
253977 712873
202600 729037
50122 212863
833880 610601
753259 889107
638599 287185
615629 859319
379071 951691
307906 466644
604484 252963
192643 674607
789333 316017
35840 705114
233862 324525
343621 690650
977624 322081
984284 191201
133658 899442
901029 712522
657420 428426
135983 603244
404139 761704
570629 175143
527562 678876
216988 377595
8509 606367
269000 78915
62121 720506
7291 460322
765078 856565
527693 880655
160159 110533
751808 119289
58990 940245
686146 988688
434814 836173
914462 423144
411163 322276
393298 488863
384808 821132
796793 113213
640887 360861
361511 587842
136017 56381
326810 347451
517520 835551
978614 189151
119713 493315
919714 684658
662404 740527
887475 520034
980243 388492
236757 270668
636471 548087
827708 805469
868338 434238
975168 179939
313261 192244
802351 549804
671776 54764
516461 631609
315843 280960
364338 678464
92303 592911
99086 294754
434343 33624
358020 642760
684309 362727
363726 766130
507026 889996
601954 349987
697313 696980
670049 100129
26095 288922
895308 151549
69473 987623
335363 577490
976179 962585
920064 946053
937386 31519
874402 339250
886248 538099
483231 787119
727334 280526
426883 308467
438920 882237
560422 469284
553784 708219
926469 898320
407875 401891
837236 299857
373584 898203
309846 526345
508523 258230
54443 516384
951005 21482
97109 699401
622394 316363
238664 848209
886151 906451
276210 309997
733577 140522
645683 776303
757043 937144
776729 882567
986081 968446
337329 682307
726969 360248
805186 563991
712430 933435
501825 140142
775025 334132
256840 533790
747465 770100
264931 782924
510405 199588
405252 97046
385274 143239
99248 214751
553074 659261
143833 22198
868256 658760
324860 3268
112349 927859
849676 825657
499359 54469
826474 828261
972148 903616
982833 778438
595216 721156
870950 528977
559408 50357
689964 10340
51819 755691
403887 400574
