894487 148338
663758 763427
368427 505338
1601 300458
680914 280941
558562 747295
714433 827363
572825 537417
541852 178334
559946 518908
588416 505225
707364 429606
369692 791825
379244 789543
560601 175438
320781 816419
89746 577396
674582 554899
566155 989525
377422 971450
41447 710197
770977 826864
991668 313433
462627 175184
163105 517673
936999 904221
555690 233629
955979 649502
207176 3916
527843 220793
43666 82885
765053 119
374116 849584
207125 704706
49649 909301
758936 480958
750250 943927
3194 298060
37171 528146
950126 450008
66112 14047
468630 996207
328600 710522
219626 951
27147 554805
515055 740191
290108 245428
513938 416630
850949 177691
438922 607833
521847 150895
120130 952042
52842 206003
598652 876410
813854 57309
737604 447476
916029 847969
722381 824908
851440 910315
125152 396004
646697 866699
915438 58481
661741 169856
405650 395873
42388 77948
250642 379217
736533 384959
787065 865720
658571 989174
353376 931879
699410 255598
788116 479067
481950 587998
916579 979022
505680 228901
413488 123731
937977 996791
228422 83668
243797 353163
705300 91969
848596 405762
840794 652816
715564 120961
367525 666241
593177 828848
836496 618063
160127 514143
284883 201929
970769 212024
370350 141475
241939 400396
951397 385765
229078 160897
177630 547861
563275 884472
725974 455002
553021 488218
842210 618834
192865 466923
58903 159831
758277 70954
688364 11665
795850 15621
909255 302785
442763 642202
166096 451267
36762 144060
162019 844265
609160 963161
259195 145108
103393 490795
894261 552963
487711 208029
557624 392063
195178 313907
56890 84870
116787 583483
623563 551983
793557 950783
286263 93301
633017 980991
131490 448228
154510 271048
477149 180375
623855 544284
330731 237144
624784 153804
601393 845707
673400 187399
118259 235281
79569 383936
979955 713466
201620 72022
279252 55919
358987 497698
606235 905578
966489 772261
126272 58249
524831 795496
958367 416549
293258 861248
996230 680521
148509 342623
147428 290182
644005 812842
655980 829251
720274 839674
435691 906983
512872 220289
946109 367126
672110 165258
543824 933833
732721 536572
403816 214160
966464 215339
437094 274367
646804 419068
87278 345961
724390 510578
262884 121295
855576 411209
940589 783000
382098 809030
350882 734809
70915 199685
992189 156279
352582 35760
602017 312003
409860 870532
240529 243428
528428 142236
733706 226133
556814 886583
530394 319186
803643 10729
30971 786215
845630 164004
989956 566611
605349 984287
186989 14398
461732 670002
200687 715811
321892 176719
630148 60558
930572 825705
161769 669157
295142 88445
777 249079
67158 727475
376458 525852
373093 109205
384865 393689
943083 179057
831547 943752
725159 645191
672959 349635
21520 81587
391651 768338
908417 225867
483518 636412
241327 82184
995483 717119
818951 352623
30427 226081
611793 790602
721773 106920
790830 174100
140962 933030
301564 977330
958704 618031
526569 364449
876214 173123
204390 154741
611188 570292
513969 902959
372946 182215
382526 583535
282271 258981
301834 397318
137705 682280
476449 253954
585999 426066
350034 721519
630434 891558
888222 194322
300208 446906
206233 219062
730981 331731
845699 938356
363387 833979
471571 620192
399278 804239
889600 233450
757992 962599
228745 966029
379409 945712
329423 80000
926441 926410
306338 659306
897124 466113
710598 750817
558287 753279
100681 745637
203626 420899
309231 245782
961078 136411
228119 966521
925553 991597
912495 606143
227311 542362
62858 608181
232815 472362
842529 22279
254019 742939
2754 632028
106174 97905
105756 407040
987142 852443
811375 160124
320533 399336
109270 116184
295506 830176
693317 611571
613648 115104
525748 539737
26690 552655
570099 719371
18857 661690
586712 110463
317338 202804
475836 433897
721111 236810
864983 868367
462783 9444
584283 174802
898668 278643
153764 664639
824340 35097
524450 450262
335068 155643
646775 463836
726388 812388
848842 339289
925751 97487
857564 421014
623824 379900
583829 266265
802245 640520
702923 700860
276374 782736
374421 934025
190412 474917
748773 613789
967959 855252
465298 321292
279661 330961
507868 131060
960777 378932
556925 634158
121947 874798
