224993 224638
309098 309627
270533 271468
729491 730059
784666 784608
556727 556034
334458 334962
284720 285617
610352 611144
423177 422730
313595 313871
799164 799540
264593 264260
155005 154477
955072 954488
248733 248509
934072 933953
946174 945191
315121 315859
397866 397755
467142 467828
918659 919467
745955 746727
318046 317309
768843 769309
570545 569781
435998 436832
518966 519286
383026 383376
408895 409124
856484 856413
631563 631984
467633 467781
63248 63527
925216 924993
143702 144700
225150 225598
851337 852308
417323 417992
245958 245236
534758 534513
656257 656783
761090 760391
453942 453721
845078 844306
297462 297589
427704 428611
496954 497290
409551 410268
297292 296346
988388 989379
776993 777094
736352 735869
934817 934789
60372 59676
712717 712884
60802 60858
649972 649080
328526 328063
190177 190897
204438 204257
649690 649948
499135 499933
890369 889499
688876 688364
496382 495593
266893 267669
814386 815090
794376 794962
347098 347186
491333 491769
452490 451898
414921 414941
743784 743000
516203 516366
239896 240020
440102 440842
97444 96643
54972 54704
555672 555638
681697 682464
224815 224566
325326 324538
64563 64340
596663 597589
87630 86972
599582 599172
587265 587125
607821 607018
140018 140692
772188 772375
272044 271792
848627 848196
537526 537870
805470 806262
610475 609791
340331 340712
26083 25706
604299 604215
686347 685658
39151 39532
337432 336807
539760 540575
260115 259314
675746 674873
437656 437886
299573 299478
277486 277377
702095 701266
124752 123967
884331 883931
268902 267959
336922 337572
443993 443127
94202 94719
566444 566611
816793 817369
799680 799447
681649 681054
42580 42799
345565 344632
395469 396427
755832 755107
957213 956284
909539 909203
839289 839656
874940 875667
707284 707103
40546 40809
926649 926024
487346 488015
798571 799443
822097 822717
446352 446256
895083 895436
986459 986395
468692 469364
163697 164356
116196 115401
766990 766228
494934 495178
646375 646609
816282 817201
803071 803742
723473 722761
32761 33291
531023 531293
444104 444704
142122 141723
912535 913343
173177 172689
819890 820148
726192 725990
447416 447462
566253 565763
591384 591821
815216 815836
848527 847740
273189 273194
38907 39746
390370 389875
493879 493518
651528 650553
660639 660209
86066 85798
104446 104819
470435 470166
798672 798216
816650 816164
143080 143170
468996 469539
461530 461396
863661 863938
786706 787240
450975 451821
422766 422187
542739 541883
544850 544547
483513 482877
838467 838097
268544 268991
240820 240389
709069 709062
156175 155585
253346 252656
271726 270933
433798 434009
837613 837325
847978 847474
351453 351722
297816 298534
402827 402633
392536 391699
390721 391617
950344 949877
323045 323903
180596 181136
447261 446960
417651 417130
189305 189746
195694 194971
628059 627469
155384 155114
902495 903115
977275 976606
253735 254472
496985 496628
66000 66191
208585 208836
460732 459956
201967 202166
899180 898238
211156 211318
967285 966711
814107 814924
229604 228715
229401 228471
237260 237137
142238 142937
620063 619300
501230 501576
166463 166306
110278 110297
680042 680502
535818 535780
784296 783975
43134 44009
862711 862898
830625 829820
962221 961289
354141 353494
593383 593291
429306 429022
963553 963510
761444 760754
770093 769978
985170 984665
684216 683439
124532 124431
731747 731221
575836 575476
74651 75196
885813 885635
134180 133736
854167 854022
601624 600879
673030 673463
799793 799326
362319 361456
97352 96911
940903 940176
283731 284438
684920 684996
982915 982524
81015 81949
285193 284354
219553 220047
103933 104769
35836 35258
5506 4837
547498 547339
709015 708211
976841 977076
474701 474018
558483 558825
17202 16484
60969 61754
24399 24024
745170 745207
168583 168364
653791 653066
538218 537482
258176 259169
345307 344494
435968 436912
100892 101761
800078 799195
626193 626662
912645 911699
160367 160485
818997 819105
171012 170516
932425 932129
80747 81178
427725 428425
437569 437606
947346 948173
222545 222304
873948 874212
608047 608590
349162 350161
47953 48608
487963 487189
103868 103143
497202 497983
254967 255844
979690 979688
642681 641865
175673 175095
691739 691605
