16807 475249
650073 943658
108930 211272
27544 850878
777923 237709
564440 438165
484492 243042
807987 522503
282327 531729
378840 542612
544303 833169
817709 97157
129560 570933
493099 280278
351816 795335
899097 807826
613512 929267
723810 877633
580979 379149
236579 558821
511967 10672
901393 819336
125485 91745
425228 894091
640194 186357
35001 921153
616708 357944
515668 571490
788124 702196
509530 60903
727722 454666
728549 118024
797801 806853
540977 847408
308228 374933
260298 938981
28635 408013
623865 389814
739063 554536
339425 1669
724115 220094
75629 446501
546517 934195
30105 810404
319451 194298
782188 821123
799505 246882
406752 731566
936716 130337
354438 53144
851501 844897
783871 955828
111137 619358
153177 982397
722294 477904
621609 946231
959745 844175
853635 266298
98142 880399
827968 90412
400260 673557
441594 688008
716395 325968
119113 204530
471006 910962
797942 285365
842082 179852
530767 633821
185695 824712
973671 859901
248590 724831
314738 153057
631616 819790
555640 110679
437335 77006
497972 936098
649095 975319
583454 345223
112289 556760
948905 586126
236123 129506
45813 476770
935238 329094
896220 987844
712366 140534
725226 915394
941363 318738
607844 559590
436550 145159
808623 764947
597385 307217
195272 755539
399247 242385
413496 894885
140623 682420
28144 531968
335735 699915
161625 663534
46042 796011
454679 24152
575244 977295
878818 590396
87692 301815
112991 740033
122669 119397
489553 410547
975825 121210
729662 830211
533808 273377
822761 625
737335 401868
977995 2776
62767 997439
829874 689331
540556 456301
468872 300560
120094 918984
113755 639789
851407 828015
30193 222769
15680 303455
16855 267506
170963 233502
586676 863108
963249 602331
277844 887638
760808 939997
428651 54849
645203 495731
796531 198014
395419 636775
42009 530180
687929 995223
244054 588260
76737 991545
747317 837525
204200 134256
421564 960597
306648 337704
225550 925150
541976 301412
938554 482797
102504 348381
34748 7065
659378 847699
878209 725129
578553 265483
650447 264607
180773 45322
664305 755176
170053 927224
784630 280366
205400 660444
495370 570285
883016 193898
608155 841133
515557 696576
953178 658266
187357 221711
227878 320614
474819 795737
983133 620591
623720 48762
306633 976197
576031 238588
860589 54873
998877 637304
979358 861200
777254 68960
14915 293947
645480 207730
669955 674546
837107 841238
340000 984926
545035 774857
561113 250114
929593 601360
498354 968418
25357 342585
313729 721015
776563 106102
860917 786643
819419 62967
547747 245269
855395 423303
404473 719103
711748 424385
205658 163459
45406 673930
739824 285132
300973 959603
246897 907920
603950 135231
488480 620203
213900 824520
462533 481258
217003 618676
820950 423934
558780 279879
941832 482574
433549 174542
306249 252771
766310 915879
200983 669970
392040 82723
73650 902971
753229 190318
917746 710299
687230 185621
270776 850124
668244 76958
747696 666771
829064 791560
56598 318751
869940 764503
789551 192801
427205 315080
780418 559274
659649 40413
783320 519025
322012 901783
854788 624117
424008 81550
265324 319195
451257 824511
835690 438666
262410 760593
490553 809565
190960 228742
151403 254352
7307 256141
244910 413200
192799 343127
120171 157787
334414 31625
116641 619517
55348 901842
114315 515974
181445 211373
972220 739911
509239 245054
641305 556929
382253 354189
815166 204356
359304 659860
645898 5592
901720 866116
151580 98867
149352 26939
178698 494901
160811 716616
756891 848671
331728 326671
951661 77045
303120 620240
317158 299453
769627 685350
853711 535563
629594 207533
401727 307827
398795 919531
737442 351516
885006 478515
466924 642601
627097 168661
967103 34324
980108 44936
2281 517015
43710 963216
301905 775973
767781 882720
270791 481169
297865 715827
329536 616728
357125 320384
580167 789949
500476 416046
521576 568666
577467 260520
627384 341991
425210 333258
428211 268744
419518 685718
321934 666825
280767 658689
449818 73014
211825 102918
958028 333029
78034 6727
151240 933754
486540 408396
90935 203083
48048 846865
87011 615252
553064 377876
17237 232675
70245 482710
470415 728192
24710 454747
463037 701299
