1530 1708
580 301
1955 1341
309 1362
835 1605
923 1459
817 614
519 504
317 1306
1003 1347
427 209
588 139
1835 125
1054 1846
1172 886
641 1055
946 1221
1356 901
914 17
263 101
1974 1538
1560 1143
504 431
1648 821
90 1003
520 517
1564 1108
1008 1751
1234 62
1597 758
1300 590
1813 246
1812 1521
1147 1078
1891 1762
1180 1865
1652 1092
1361 156
1524 1361
1329 1966
364 1850
483 281
1310 1843
32 896
257 1630
7 1557
220 172
1803 384
46 1302
1815 1937
1416 995
154 1068
439 1515
1576 315
1228 905
281 1945
1107 1116
226 418
959 258
1666 1568
240 1673
1477 461
1846 1280
1197 244
934 1012
181 702
359 687
122 1151
555 1698
1466 1783
604 1748
1728 63
1216 1954
481 176
565 500
96 805
173 1574
1618 371
1206 1168
615 141
532 1148
1195 892
188 1318
43 743
1016 1861
878 1972
1961 959
36 1178
1265 869
1706 1830
1369 1802
988 1895
1376 606
266 583
126 1234
1076 659
734 271
1551 922
1589 1946
17 958
159 896
930 121
207 966
1299 1472
188 1005
1303 1557
1159 643
1452 888
1601 71
1471 1728
1657 899
387 391
1522 290
1314 1464
588 1331
422 747
579 1704
1220 786
671 519
259 1211
1876 1914
768 1388
557 573
276 510
644 99
238 653
998 977
1044 872
1267 358
336 207
42 758
955 973
463 175
112 1486
1047 723
697 1275
989 1817
663 1546
390 1291
56 1386
1390 647
39 740
1624 1436
1613 1244
146 1949
1451 540
708 758
1514 1523
1286 1978
1361 333
701 58
1960 1690
227 976
1588 970
267 1996
708 10
643 1100
750 620
536 363
1864 682
313 1315
1575 1373
74 1089
1248 1712
1067 609
45 120
1019 357
1810 1246
1333 1398
568 1953
1746 1277
1963 390
729 713
1010 1265
1429 1226
299 1742
893 1874
1467 1319
1315 715
1031 734
1676 1428
854 695
1786 1016
293 1471
766 1214
1776 513
843 91
903 1572
805 265
1189 586
1491 1840
680 736
67 147
56 1734
1214 1087
469 1242
516 1675
289 654
692 934
477 1458
148 254
1971 991
345 1226
915 1502
1843 104
88 1686
1945 768
423 364
1267 479
98 833
1566 919
75 434
595 364
1088 1639
1299 1566
1097 1799
172 1421
791 517
999 1706
20 843
163 460
529 460
1581 952
824 848
1431 922
1682 1350
194 109
136 789
826 1577
428 477
1495 1877
276 1667
1650 1419
536 650
1126 908
1493 1641
1369 22
101 950
1327 1277
1798 1110
551 1832
460 745
294 949
1534 1120
526 314
1597 21
544 225
1688 194
1645 576
1196 1123
1485 689
764 854
1064 1217
156 743
494 306
1853 1045
491 666
1791 785
1615 1677
257 141
344 1854
162 888
431 202
1434 76
778 631
1199 615
1672 315
1469 1088
1532 1977
1831 26
284 1685
1424 775
351 1567
1560 1966
1244 1817
459 1588
23 621
476 454
1175 263
883 305
894 434
921 566
750 742
7 282
1072 1838
661 1356
1875 437
131 578
4 43
896 1248
212 1355
1189 587
328 1665
1393 1855
1928 276
161 1174
711 1434
93 1461
528 100
95 1600
