1 2
5 6
11 17
12 23
24 32
60 68
25 52
50 102
10 30
7 57
9 21
13 37
8 19
26 40
65 94
161 169
143 193
14 243
4 15
189 195
27 39
46 62
16 98
51 108
18 170
165 256
118 283
111 253
166 348
557 600
33 41
78 119
22 47
86 123
20 31
28 254
265 322
190 602
282 561
191 295
34 75
79 120
139 229
157 266
148 304
3 550
206 425
126 564
205 647
212 470
29 61
35 38
73 144
36 69
182 535
96 644
404 483
49 198
208 768
152 811
42 64
209 218
43 44
171 323
97 625
74 495
66 784
269 294
207 1023
857 1187
45 48
53 137
174 375
396 586
384 680
307 796
385 868
258 805
962 1089
134 641
54 127
55 172
115 493
267 634
603 752
397 893
413 725
192 1285
948 1599
91 575
95 155
56 308
297 309
116 585
58 866
587 848
681 954
1219 1386
567 1729
835 1588
59 156
63 173
211 540
117 595
640 773
392 1228
526 799
76 1164
812 1675
398 1307
87 99
145 219
356 661
345 673
985 1093
154 797
620 995
522 700
503 1811
946 1947
77 146
188 319
100 604
414 816
408 1043
358 386
630 1483
565 1127
1487 2310
1593 2025
67 141
121 387
268 285
467 485
276 615
449 938
194 1865
1618 1834
966 2314
80 329
101 221
89 383
70 755
71 168
726 1408
447 468
1668 2029
1789 1861
854 1927
162 1848
72 81
82 576
702 764
210 1016
196 621
428 1319
85 1730
244 2507
1571 1855
722 2793
107 124
83 132
84 949
163 622
215 748
601 1605
2104 2194
88 541
513 824
1332 1460
112 310
469 623
769 891
745 1235
90 1009
486 2064
1788 2099
167 593
1012 1679
1689 2978
153 231
213 399
92 963
197 490
1099 1387
850 2151
798 1752
2016 2578
512 1857
374 1842
150 363
624 758
103 405
1100 1110
1329 1836
255 2233
716 2722
245 2323
1881 2894
3730 3828
93 104
539 577
199 698
892 1063
699 1902
105 914
142 2343
2324 2812
106 3515
3578 3804
247 284
109 270
110 444
237 1389
1492 1952
113 1671
1943 2808
928 2483
2761 3334
2030 2138
114 227
160 437
241 1317
1288 1630
2014 2121
2456 2480
2006 2767
1982 3289
122 1212
3376 4355
125 164
569 746
175 216
756 956
536 1238
271 2188
588 652
733 762
2152 3399
1149 3468
128 129
130 672
131 133
135 974
2165 2370
136 1903
1177 2394
559 2612
393 1379
1653 2197
