187 697
964 3078
1795 3267
607 4702
2551 6121
2007 7415
2441 4857
1089 3408
343 366
664 6018
147 303
47 593
4301 6859
1 2520
2814 6284
21 3556
227 4558
1267 1450
2896 8920
605 2641
2569 4382
4240 6743
4118 5300
236 1336
699 918
1717 3702
1317 1419
7 3563
1 2945
293 969
2283 2936
1158 2118
2060 3033
113 719
956 4111
73 1413
2600 4480
160 222
2941 7192
3929 5064
2239 3440
1355 2166
2877 5844
123 262
205 2933
236 5879
1799 4678
608 5265
459 623
97 476
1185 4919
143 686
57 526
3994 6593
181 890
638 1217
619 2787
866 2643
2339 3586
3839 4171
4610 5979
1046 3395
1158 2387
1074 2269
287 4999
753 932
492 1953
2910 9808
450 5086
352 4033
41 347
595 2820
1106 3500
102 5528
1828 2552
1191 5652
1391 5507
1130 8945
2557 3379
111 5651
1852 5980
167 1013
69 216
327 3474
1541 4519
1418 4525
72 5562
38 796
66 5430
1002 4082
40 3177
3112 7609
306 7559
179 6443
85 1291
1327 2054
1795 3399
436 936
615 4162
303 4975
1274 5072
44 67
273 1848
2182 3140
1369 4842
1 10
213 657
49 3963
2918 6504
939 4315
2835 5476
1132 4135
5658 6210
204 2151
220 3859
1538 5661
962 4592
1959 3051
673 1224
3212 3778
621 1748
543 1350
3843 5777
187 1765
3483 3929
405 5925
34 6450
757 3965
30 257
2603 3776
1082 5157
724 1507
148 5804
21 1653
148 1114
635 8146
1064 2479
334 5964
1535 1978
131 1387
19 296
79 3564
1453 4861
897 6233
204 2838
1211 2924
51 2633
274 5177
659 1224
383 729
570 3146
843 4414
1715 5593
668 1124
1390 4012
5867 7066
2165 2610
141 3938
1677 1942
69 3516
119 368
2963 3014
791 4381
1016 6515
869 4541
1779 2121
308 1393
43 2777
26 4245
1921 3916
2393 3737
235 1450
257 5891
2271 3342
402 575
114 776
1299 4184
342 4327
16 592
56 3239
377 6657
264 691
1023 3548
57 2705
844 2854
2017 5783
396 1108
138 3423
1121 4833
830 7768
1283 3065
681 1721
6148 8180
560 4807
708 3035
228 798
84 3260
59 1656
1 4984
729 3662
30 5285
403 1772
387 596
995 1013
500 1228
4648 5769
3609 5437
287 1816
812 3615
2281 5690
1374 3236
5927 6838
780 4087
5923 6386
2750 3242
1215 1228
522 784
353 2392
3841 4030
1974 8970
147 3249
386 5898
3451 4050
2211 2951
2304 5363
82 2124
879 2786
1055 6165
601 958
2051 6164
934 5276
1494 1550
1521 2134
224 1841
575 1215
3065 3374
185 484
2414 3368
262 5019
347 827
1015 3620
98 428
1701 1786
1206 3520
1464 4364
653 7127
1610 2558
1017 1938
301 2512
817 3420
100 200
201 300
1 1000
552933 918035
479479 693230
17823 416748
32173 710426
759780 922773
73510 141674
201861 642176
36987 652973
401049 537802
68715 638865
1 999999
