81292 7274
9165 8962
69112 8991
11514 4358
36503 5021
21697 8013
27198 2482
86932 4274
43800 5265
16208 339
44162 7998
61158 7743
62948 4343
93428 1222
71429 9735
28182 9883
84409 18
47009 6573
59572 399
67729 8777
11614 3627
93471 8428
81178 2383
48858 8590
56939 8468
77283 2147
48076 607
29973 1350
43958 3386
24895 7353
78012 2209
91585 5707
33561 2992
46549 7214
90847 782
63144 3489
16496 8473
9718 3115
39354 5363
30267 7390
39944 5425
32968 4300
4696 6850
33711 5586
60671 7666
74102 4556
11660 7070
96387 1627
42358 8465
11393 508
43723 8158
39771 395
39683 3140
41748 8582
63042 2480
76025 3483
36723 9460
44620 238
65420 5763
87160 9777
32269 4814
85504 7503
25354 8647
27571 9602
89619 1572
57842 3411
11227 4351
11269 3211
93435 4593
87165 4391
75723 2639
70144 6973
81243 7334
46304 4199
51548 2792
94571 3057
42142 5481
55486 1438
7535 782
92715 943
323 9579
66165 5266
45207 8326
29835 1579
25946 580
52390 6328
40878 4041
33931 7498
40985 4762
58561 2517
63371 9378
79060 4727
12590 6978
77384 1608
22432 4529
82643 4797
51570 3655
56869 5350
27915 2016
78100 7677
95133 585498
20784 601775
81462 648168
89625 491345
44328 854059
74232 271779
50305 142467
71226 369980
94229 45323
51814 115025
83628 753933
91356 570613
31366 35359
29229 919634
86548 685856
53347 860233
28741 479278
94020 821379
61219 245127
67784 60838
65231 793927
33437 869589
19133 896866
9698 174076
43798 422142
56756 801362
8843 32239
42435 552097
22956 554325
97754 12370
36052 250256
16415 727887
961 733156
68042 962545
78014 204324
75970 768371
17170 17189
56969 504913
19206 314342
32480 263557
60018 629135
98788 875876
60231 895118
86999 315015
96075 264606
52790 335207
76888 501883
10577 136964
59623 487105
67116 694046
31377 543693
15480 133251
67231 885026
21942 219179
62594 465494
75520 563497
46747 916482
72744 651882
7445 49633
78683 161703
95187 617697
39346 329605
30171 637596
20270 320591
4968 600779
11455 648783
61596 322752
69750 704955
22926 16638
66380 357055
75284 414894
69524 407313
31588 408835
19648 413170
52540 727338
48816 9141
67144 634141
54211 402864
13214 487388
60877 160962
13571 275590
98957 748984
14256 920925
76720 544575
37362 223805
52211 204145
42987 811913
93576 330713
52319 352381
70955 364204
57024 587603
41288 495397
28856 463102
71445 190819
47826 730211
94835 608283
87268 926774
11939 781399
29800 565857
26196 956266
39423 695467
53247 874689
81936 731538
53747 115637
68318 611923
17785 830315
93909 870932
72412 336072
59971 191934
92863 70535
93613 359794
72754 349718
27084 305463
48884 222491
58072 111740
82214 468687
88940 432286
68179 449250
34686 765195
86712 84209
96985 417939
5163 707902
24761 802286
15789 930745
20549 905752
23528 923001
6282 400464
99524 728334
32154 870755
81171 313639
97875 67633
30404 66451
56872 931223
58565 362418
90919 361566
88358 642676
75175 363663
51258 164619
1753 244398
12167 219423
