1 10
100 200
201 210
900 1000
34524 45245
9999 234234
234234 9999
1 99999
1 999999
999999 1
34 97653
123123 739464
13547 289923
1 10001
1 20001
1 30001
1 40001
1 50001
2 999999
999999 999999
1 1
1 2
2 1
648480 384079
145760 991046
50607 846353
849584 334581
254114 106169
884139 83477
570445 576685
429815 122559
369588 144637
273650 574935
753054 917333
392905 761435
145721 648425
416173 229543
828982 737348
436681 132644
153018 573883
51607 594297
500809 71670
10414 542852
128926 814828
595635 881593
141549 15790
412631 293940
666579 652554
283065 328094
321804 630768
806038 63108
658184 902730
880096 491299
612878 653768
974215 729747
681146 302667
727835 241788
924496 439524
239942 904851
108166 801611
24592 366224
452949 506989
426740 168391
859643 236736
408773 212752
583696 833848
710510 285767
234552 482704
262929 231626
588920 376247
868922 51388
411278 514719
309508 377044
82192 866523
364705 368841
452372 358787
49028 351847
314186 971340
837992 838224
275361 441150
818871 80320
638438 702272
826260 685898
218547 382129
646320 124082
677176 495974
101965 491142
17602 124722
677096 36248
48963 309947
107299 458109
942506 551864
255570 102384
371691 323206
100672 376239
861433 794277
318264 51575
976162 834478
851505 529196
658372 956209
562069 700997
472375 671297
380080 96607
85618 986857
766410 634271
330841 555397
21104 422240
163550 24172
514402 745523
378996 373580
430007 75870
132912 11334
178479 412920
774497 996187
913752 32413
388585 250894
31226 523091
747094 161408
811005 593036
894978 875324
423736 913360
157800 969370
458485 746527
96518 390957
93030 244278
413944 388999
270134 156367
396628 174987
233034 74660
430716 234944
448643 219112
87016 358376
191791 54865
415747 74663
299301 242701
467220 17121
434380 246061
134231 356656
343501 210738
424434 384826
251136 200171
342984 183554
37801 227718
416511 200734
419377 232457
372223 186171
285572 290342
389770 104243
102620 439009
402057 240784
459339 402304
31883 300168
270485 310431
408601 486159
118887 340356
8702 323292
235068 155833
175769 278619
267414 125438
446886 269171
420802 214685
462599 487073
435627 326588
457650 432553
274443 436977
358577 207860
80437 91127
221282 458679
291849 283400
423119 313893
257300 319494
384200 1193
21270 328739
801735 663926
926468 723981
965260 603074
887772 726141
807487 779618
869625 920489
759091 634602
681179 794513
749688 870666
693274 918624
842712 961742
990796 521764
858145 813939
608030 649538
595132 842639
543515 685425
782382 977731
666691 575133
612319 927719
958267 569614
737875 899566
547539 954328
874499 706770
812894 830900
831706 566432
912711 840408
740758 589378
681675 915196
708268 584263
611302 927973
869765 723887
537187 917312
956237 620702
966003 980170
766429 592158
528505 915412
871596 683234
904576 865001
723680 979576
846091 731185
513915 887772
875723 504965
916017 972163
849019 776468
709807 807446
625024 766661
776996 901834
728747 678688
549492 855906
546341 594130
