688105 77998
751195 46948
745722 751036
143799 917691
396315 562441
734236 773372
484504 595060
822025 653702
227403 566613
443119 59607
720978 742108
21804 608558
472741 889854
358758 762789
356703 875387
608497 590170
613551 49073
523592 223644
81286 819377
260061 478941
923795 735832
863830 139439
486905 272262
966935 354249
562086 814027
818055 579003
980180 442964
866855 497837
982471 18332
308434 928082
299194 82848
236163 829748
316404 478234
83863 295353
875821 974487
537042 976219
915618 267595
471149 977230
355757 672255
607698 765615
932015 870774
634399 210782
832041 302427
974134 345397
773641 646014
35098 379788
461003 702297
996394 583075
894518 351813
622331 931965
725162 181807
126587 173017
956925 305738
73361 185358
357179 951361
224521 68974
262944 172958
36218 630902
771462 267055
656593 96360
705148 568372
593187 95239
801303 695265
278533 167145
987399 626191
178971 266376
978438 509789
949166 731021
496745 568457
121588 78883
337829 670745
364960 303941
991717 407603
62278 959810
57182 617821
455711 565071
963360 732600
525471 996138
137762 383109
254767 811135
26232 545757
602654 225865
449493 530746
727282 889170
88725 160433
693101 913660
94437 601505
466110 559285
874352 590355
620129 592367
442832 543656
419626 912223
6175 982936
238212 572948
2106 740480
345967 802240
303957 293013
652642 682725
532840 892053
122659 869761
234792 880801
173895 401189
637155 39135
761936 165398
292648 817068
350389 163095
985454 277015
626563 482786
99732 552324
545415 738502
666486 28330
970248 433589
155711 547650
647590 425539
461365 668434
139839 513965
266732 235896
359386 217885
714073 133313
926819 511108
479259 197445
852869 346396
628080 192479
932263 129726
106524 553157
93974 168162
539137 252003
603674 575105
778364 842243
279072 414244
940138 486298
274217 701223
273996 125097
148862 945358
431365 878745
576866 511060
349433 600953
887468 183554
37125 395160
210659 123670
818764 645567
396528 146649
210377 641664
242327 260835
818704 301461
372125 437362
484869 690068
711313 64516
965389 852712
297779 874107
521561 935633
817719 367345
486331 349365
485845 808911
362466 46070
615767 506519
720102 159591
841308 718502
671429 300100
214795 78878
267754 768127
510567 968474
133921 344755
712251 821250
383844 398761
586144 517688
563633 987527
28429 520943
249491 370642
83879 204113
197228 664080
50715 581401
826142 715301
585363 193846
895854 84842
905708 627047
389298 71298
651124 602671
986293 676962
477664 175522
952088 259056
378442 18987
53989 580624
153494 841035
15011 751145
949459 906480
6237 456818
557911 255349
21815 821252
457801 869777
855686 59261
656235 801203
135716 873572
309787 382116
844511 741584
714307 81104
669761 307029
971952 391740
118559 420412
461250 48408
296149 172435
428808 742964
165179 214749
22633 963265
752473 97404
324060 296344
473087 263702
491125 597975
909805 590040
815723 931801
272971 856688
598243 765064
553088 827413
428076 494411
973965 220672
359421 756358
420512 121580
201397 714655
861891 70975
549773 275548
985206 333550
641370 786890
526235 380182
936499 270683
823415 859496
704399 290388
888686 534381
409917 972820
471013 974305
471959 791042
926401 269142
173079 987894
468452 245085
363861 706279
945694 188687
460326 521852
832872 502179
639860 280221
265358 775850
136857 652136
436081 77537
93440 909055
327785 577285
213104 800186
339372 228128
712868 733915
157150 722994
897311 482568
657356 212620
507313 87276
