681419 60878
267285 769787
549290 786480
769526 453822
783335 472781
800869 172384
226183 421792
259242 936837
684891 550361
672897 212944
14242 322872
283592 534612
162122 624608
997565 791276
491590 4
763541 549191
472546 903644
918446 318661
270519 741744
179205 637213
850868 517997
252951 203014
963803 840029
488145 63306
778914 891366
595590 39433
997508 728674
230975 152988
986825 925178
149565 806916
852329 148553
718825 870885
392542 735201
806228 622013
565489 702720
447177 700029
436628 928502
241933 850221
575224 414774
130616 248026
519426 659037
51815 625871
239892 153736
3017 255876
497623 950135
190025 81317
613736 38726
277714 935213
447223 22185
235954 836189
311329 186713
912165 809770
149971 613780
255983 547501
542735 416635
71657 486827
10257 534619
280272 571390
651415 773150
936577 34436
359534 938437
664144 37271
736915 983314
747783 890203
355284 54250
853575 885191
194361 209462
234598 477401
931545 364190
324333 667149
252789 711575
819975 954206
508061 466224
714288 163192
844357 282412
247344 771831
415055 110021
418441 113033
386452 568687
523687 967341
240680 144262
166173 613999
308732 641581
323367 366921
558166 363666
350287 986083
407136 429856
247243 125400
739694 494022
127329 154870
356891 878867
581599 277791
814041 803493
558759 853137
966542 948740
451428 228635
575014 78495
312473 191896
5046 815010
512583 354935
397702 952413
694232 401660
683954 884990
577354 148458
469598 825438
28505 794721
126713 493157
817975 573185
393596 863826
658277 249220
407130 388835
442609 563687
369913 816827
83348 765780
989002 379454
988338 840220
413959 639596
6643 897500
648982 742679
625685 466306
317184 160350
308079 104076
214678 270666
119209 824594
307947 280056
215519 330839
700034 59750
338692 936768
619418 442932
192329 363489
670018 408833
465456 303301
421560 366045
311090 759305
916656 439762
288348 688822
824216 266281
132977 405613
778430 302960
233905 528877
908335 72976
362356 6296
685087 81622
25254 883879
992361 364480
796112 47123
759872 757726
114259 116017
590831 16940
337249 40679
561236 853161
281451 714903
772192 803595
92291 101680
296037 609240
48289 947745
872890 432832
822018 153454
86264 817895
796251 259832
774751 763328
265064 316360
121330 667815
737317 601093
202681 184516
103907 278950
777946 218826
130358 104538
749726 400691
592791 702618
39622 367783
387968 792331
586521 107017
117102 960558
797818 419263
968267 235310
62156 295719
203734 761780
866782 624333
196213 341710
653486 180749
751971 460987
794101 300681
408943 700876
969934 979204
504431 105075
798998 397386
69688 157756
770794 37768
27578 517058
420410 617613
744780 543947
202083 42475
721358 968183
706872 462504
88295 741076
709973 300060
627478 239024
30242 809566
228848 502300
337815 329193
55859 120331
855299 888817
203089 707707
363815 249860
298798 654426
47244 769977
330414 979391
486368 709192
952370 667909
549131 723996
673437 831994
14101 332004
614597 396477
511268 72188
978745 784493
767633 934340
979920 252620
204613 386252
742468 108999
650116 988304
599504 36979
300199 152471
295199 142376
93552 76438
826907 144161
346612 263361
50796 336436
837944 323967
718642 563769
527571 950061
313589 472509
750302 47147
909168 727442
31616 18729
288532 716150
640536 106036
729833 502697
615961 504244
188831 437796
281264 699946
91316 884324
196523 104481
585570 975111
88575 593864
899079 184142
546167 8454
393878 762846
170766 14126
21373 769895
