3475 3211
1447 74
665 3551
3123 4952
3361 3610
4916 1883
82 4159
304 3393
532 3273
3266 2414
769 2263
4114 2911
4918 4223
4171 1995
4649 381
2669 3286
252 1997
3529 4763
823 3157
98 3269
4796 2176
1551 860753
5402 345811
3718 323345
4068 735399
7438 324691
7372 872642
7109 658831
765 746873
5896 708049
7862 372767
4431 63824
7611 710819
2597 4318
2473 73
1652 664
2751 3351
1596 2847
2457 4211
660 1796
1682 3693
4031 311
2050 2070
489 1184
2389 4136
2791 3178
604 3610
1959 1988
2929 2006
2279 4132
4239 2080
4233 354
2592 4741
1500 79
201 2750
2446 953
1280 2544
933 2260
4534 4025
4709 4662
3614 4320
419 982
2181 1377
4368 2554
1772 3789
2850 3957
2697 3946
1596 1609
2828 3428
4214 2502
1341 1375
1503 2479
2595 3448
4062 1893
4526 503
3281 4226
1574 1459
1140 1196
4045 3770
435 3597
759 4771
3123 3139
130 3938
738 1720
1976 1279
1591 2728
1393 1564
4284 2354
3606 3561
448 638
2992 4502
1225 1985
4279 4860
1158 3576
4590 840
1915 1759
2044 3029
2734 2812
3366 4501
510 1244
2007 1236
2267 3473
2889 4289
4808 2296
4613 4033
3989 3907
1007 2722
3329 383
1533 257
813 92
1446 488
2652 1540
919 1040
3038 370
3033 2630
4244 4001
310 4749
1261 3382
3994 4785
3423 1843
1694 51
4386 1200
2919 3166
806 1264
4597 2596
1292 2661
3008 2461
1522 3673
3285 534
3176 1947
3246 1162
1024 186
4272 3024
2499 4473
4766 2400
1813 4487
2291 4547
3090 3226
1260 638
59 1127
3979 178
177 3000
832 924
2538 2098
4946 3684
16 2530
3147 1164
4167 4292
4498 3751
4183 3984
730 2475
1767 481
840 1972
1347 3115
3882 1423
4852 345
4882 1271
4526 3320
650 2264
2327 3939
777 4990
4210 835
1979 240
643 1955
4831 2055
870 2014
442 1285
1416 3021
2066 2748
3775 2361
2973 1140
4926 3161
4967 311
4024 4561
4777 4709
589 2951
1663 1792
2298 67
74 459
4475 4442
1012 4636
3804 3975
3067 3962
4421 3127
1068 765
2691 4903
3465 969
4491 708
2061 918
2202 3983
723 3056
4408 2451
1431 765
4107 1132
3916 1912
4304 4774
3309 4066
116 2087
1839 199
1624 3714
2971 3452
1211 529
3322 4347
825 4806
4056 104
3258 14
1315 2092
3117 2531
5 7339
47 2280
49 4067
1 6236
39 7345
19 1226
49 5659
8 3013
40 4667
49 3693
1 5978
18 6809
21 6888
34 223
19 5141
4300 4024
3359 1419
178 429
203 483
3348 1493
3148 1131
238 1873
1282 4979
4141 2429
3495 1346
2807 4453
1188 4070
2873 682
3382 2524
4736 1744
2149 4237
3412 4727
4222 3150
1486 4596
1854 3330
1859 3188
4302 54
2496 661
215 1432
3861 32
1875 693
4262 2894
3954 3646
2140 1198
494 3030
1427 2377
1454 1475
1804 922
2143 4446
2579 53
609 1136
1299 363
4613 1315
2037 4295
397 1099
3959 2617
4691 4303
1969 4620
595 2408
4019 533
