64115 123459
95091 303137
91828 234503
571167 715436
46238 189979
651696 763549
50307 670300
327132 392773
228278 329937
77654 740073
660478 820502
73974 249447
229743 257269
69221 304227
613537 881888
75591 276213
223761 473146
191178 727253
623827 691673
452935 873655
43262 67153
328297 876131
221462 305793
142313 497391
99027 423191
69578 85614
639962 890631
66361 229728
118971 630906
58475 357731
759389 876772
543674 642775
288570 404203
161030 229565
584835 707055
19227 37307
79106 171724
171778 183347
26264 457238
368296 653152
168971 179785
344537 429187
502408 691103
266896 512311
325998 528031
358283 690680
8421 40191
64095 736164
292874 895403
164561 191111
33022 72719
215083 263166
155814 443825
383491 478384
50024 118473
257363 366843
269430 349174
214589 812339
453498 855689
93984 395310
142848 223460
207708 593546
157988 487339
110718 135592
234626 295998
279978 763188
263863 772840
12095 23677
88099 125710
55404 341669
489644 532938
387103 482052
233697 583085
42907 126926
22774 99764
116865 157148
50229 84275
117537 267287
323566 821423
37346 377952
103417 139836
325668 408311
422287 812325
520039 745676
171403 573850
423101 871271
287165 634534
407722 494292
425553 728192
34898 839071
125039 194147
355794 793667
69181 260891
52018 123695
471514 613969
123773 285906
145230 243622
233253 388859
45572 57147
190890 363501
65171 510812
86528 121360
178227 383053
593983 699790
324667 356811
155429 290940
724782 764232
629209 882273
253762 749712
346507 588254
94742 111718
13493 284219
227844 778221
24109 30934
22546 28576
9732 10640
45582 109735
3559 56338
51744 80716
179574 421823
16203 89747
171060 193671
738952 755833
201423 324412
59193 187418
465924 536518
181449 601569
41704 318798
198061 595092
114377 233505
411729 429350
408920 655704
285850 389766
135836 538090
464667 505138
372224 636938
440726 445014
492210 493633
32504 307428
185329 634089
420001 525868
645569 865587
131703 173631
396543 406796
222371 468429
209484 508378
643470 889698
227510 314265
160960 868444
132650 142609
64553 70025
6885 409627
779 1781
343316 682911
107999 158163
316432 728740
83866 446393
6161 329487
239117 556512
44845 97375
322850 352422
59104 183666
34945 145978
154213 321932
10823 34792
87711 97529
76522 143499
181704 419622
56503 68184
527320 638900
71746 219390
63089 93747
267960 506543
131945 408244
783502 836671
32411 108403
155506 509248
389720 750238
169881 387936
297912 546559
270243 393296
30959 289843
46459 687694
86559 174400
554051 720210
107127 120821
25786 170645
67149 333891
866 167945
316579 722976
169125 220003
206700 861273
196833 519580
518141 803206
426370 709812
356802 405013
364016 656510
30387 46196
253344 865290
538785 745172
149774 319704
99717 415494
157301 684249
112574 878929
25763 321585
730163 839044
3715 6273
200741 232144
92745 288654
213068 781938
729939 738473
42451 333675
336229 489958
256180 377237
28842 104988
5361 328255
35139 157411
8372 38717
103633 542421
690369 763049
141358 747826
47758 779499
372488 779578
126519 168195
21161 46248
185684 801589
634889 771156
1662 120417
459055 758048
44225 72394
29513 511074
599543 734175
65123 406131
563900 657708
196734 400822
283350 286367
173880 350914
241476 696430
4771 10668
114068 172445
44090 685521
28763 29691
274114 674351
74856 177535
196060 491641
450361 523748
233695 296965
604118 748163
203853 433982
71773 452861
