1 999999
999999 1
10 10
680034 78233
70305 305382
545786 177358
741192 825094
416001 948205
644101 160785
694113 158113
866092 14460
899391 806351
763021 514244
494731 55779
154724 86703
371980 942682
414497 524675
323684 737795
754793 189671
172419 183221
873697 78517
245033 69204
911676 216894
306685 195775
129369 450387
143362 604835
200126 884386
530192 695122
44731 381755
388459 620830
912429 256415
106192 729147
142763 891040
72312 584002
3927 224600
680081 327194
288351 180202
571396 967938
712767 99223
518218 268773
220768 907061
968617 191867
995143 122973
728072 11691
150664 759515
592576 599102
566770 175525
734388 234937
586053 762668
133441 311611
791475 296879
578611 439628
55211 174177
98971 92174
914264 162914
713599 244102
383656 412771
50536 949204
700644 460232
667117 554990
585944 386616
302455 604046
185107 112155
189138 443269
798286 396414
315188 943559
801909 742509
304368 713154
537241 856587
513271 477917
173509 949768
743610 295917
816625 765332
145176 581653
295570 518680
281321 392431
849209 36337
552681 351383
904144 664544
428075 534989
575939 657678
669935 241654
503837 145625
460256 504662
98893 452931
308056 522000
350952 309088
58694 684928
456336 885034
536094 842451
490381 803012
361499 615741
891307 462463
775092 779689
729261 481781
182981 23650
62178 948146
780930 866847
451340 60088
693120 581936
886164 307832
213545 455777
325147 93077
564742 130280
680246 961013
729460 298084
496173 578779
730469 596969
528059 463525
430063 767412
755936 205044
624205 741135
639265 203182
980705 776437
265998 587858
486794 641176
917409 683142
838835 655846
181900 716941
675682 173880
292122 944406
369741 217565
893064 405052
126529 651111
709064 509562
745419 922525
982212 198699
224180 758951
182380 484738
984939 964839
551703 536258
141022 656060
590090 389510
533126 643004
877230 425892
236876 585394
413557 74400
300741 707147
643158 593199
896481 452089
979023 963583
84659 292115
198123 141884
327069 209888
509766 285699
599126 355069
39204 984507
369800 926979
254760 720109
39202 794452
360832 248645
384212 599827
645135 580938
82865 164752
282561 310836
598108 261411
488392 401645
540441 39073
730862 373208
924518 604178
27957 756757
336001 747832
476546 42754
226501 437290
464991 763703
663629 142901
720315 726888
718829 646731
465006 309691
43318 758529
589702 62116
673694 87559
110695 276705
163584 838047
926971 422194
661673 612252
927115 611963
876465 963237
189123 817011
120990 679446
587149 58447
595435 406073
362842 710902
841751 697691
638728 529102
993020 811916
191279 562420
391003 679838
141151 234659
166510 487091
312651 113396
535635 160719
173251 628205
555560 416098
937301 147638
399200 484912
830402 821040
826715 927222
645795 297681
444476 542318
777500 573664
258718 317419
291829 334058
690288 145406
381618 447060
128889 601267
981805 506704
661392 777264
455787 102267
676882 288959
324769 61565
512830 409427
685897 730547
983172 370839
271353 458689
615732 351602
185221 507677
86944 302588
665892 173103
834585 867351
553811 356389
447533 174737
829808 212943
139220 350665
667889 389965
601068 899019
49366 510388
314577 133045
684170 865932
667187 738807
825914 195973
759743 532847
900132 125588
377681 237203
692450 336652
846205 97369
770974 665279
627679 930397
7775 466053
629824 225580
59275 970293
392613 445931
561904 745529
742813 118586
103989 911976
256308 12669
854281 43987
115149 203631
917741 813379
530437 317825
529188 609817
141518 297357
683443 904181
834019 604027
386657 279543
783545 399861
909902 217280
285342 354546
423197 450407
758665 539418
683851 229414
342870 738419
426738 922433
338668 409494
755092 822352
575018 857053
407695 443341
143038 540247
311237 831691
253566 327340
238832 891341
956499 173390
336219 838563
565858 364170
583377 661105
983909 600846
25824 783632
81101 536283
262041 755160
2505 529762
358753 304965
766741 412917
427073 709780
775096 606631
79068 919633
275094 51744
100036 128681
801626 108663
622724 492879
255068 367043
976695 253505
736327 127106
529642 171979
