6 16
19 5
11 16
10 16
2 1
19 3
12 14
8 5
15 19
9 5
20 3
1 20
10 20
20 6
8 9
8 16
17 11
13 4
14 20
9 11
6 13
2 7
12 12
8 17
3 10
5 3
7 15
16 10
9 5
3 8
10 12
17 2
15 11
1 14
15 6
11 15
2 3
15 18
12 2
19 10
9 12
16 9
12 17
16 5
18 13
13 9
10 4
8 15
10 7
10 2
7 9
5 1
6 7
10 3
1 7
5 10
3 6
9 3
2 3
9 8
1 5
1 8
10 3
3 5
5 3
10 9
9 1
1 4
1 2
7 9
165 126
113 121
188 159
119 122
141 107
102 195
188 157
102 162
133 100
193 175
187 180
171 128
200 140
132 111
166 169
142 190
150 189
135 123
108 101
143 161
157 199
130 156
112 148
159 160
118 174
181 160
137 162
160 116
137 165
171 105
164 196
108 157
120 180
151 168
110 165
168 107
126 187
180 124
141 152
161 182
150 152
153 163
111 147
123 160
197 131
153 193
116 104
107 176
162 128
173 170
1097 1707
1291 1574
1153 1459
1426 1636
1058 1466
1246 1484
1200 1457
1312 1688
1251 1514
1188 1831
1399 1640
1334 1697
1293 1430
1247 1632
1078 1814
1384 1877
1297 1759
1104 1666
1368 1467
1248 1663
1351 1705
1048 1839
1348 1599
1397 1427
1128 1409
1424 1739
1454 1581
1468 1465
1249 1834
1389 1823
1033 1595
1340 1602
1463 1444
1230 1661
1376 1650
1174 1532
1104 1812
1297 1423
1130 1878
1377 1425
1385 1817
1054 1812
1364 1662
1440 1712
1252 1833
1024 1473
1369 1479
1045 1422
1427 1519
1448 1774
10750 13522
16112 12983
15819 17492
16210 15753
12080 12126
19042 17445
17822 16939
18015 15504
19621 17953
19914 12645
71113 67330
76557 54677
57005 69427
71264 51830
63870 52834
52056 57155
76048 73079
71032 78800
73192 65315
73417 57218
190067 72733
522582 322657
456614 668322
219136 835356
518374 183408
633265 436510
555509 51398
451609 807869
378594 926433
834385 242495
1 999999
1 1
