439232 191489
956861 922960
866701 110932
112959 204549
467814 402094
924605 764489
413361 587301
303339 909112
479544 639520
622297 662115
214019 754280
317298 207705
971284 513615
876097 369733
260230 398796
564805 910583
515193 356644
805507 750217
375042 171801
189592 87960
882265 324395
225421 326423
780171 85957
472362 358456
350941 810588
268337 691431
967744 278612
320861 812799
624119 904267
472755 229889
323929 320768
687163 580644
729162 134159
268124 223898
618993 283007
929682 557018
662889 510200
434686 648157
446848 34699
35321 270436
932771 411964
138188 797626
543994 649213
933989 98829
943756 302029
671451 254238
723056 786285
243994 379164
999762 988101
378148 947477
335639 800246
737123 596551
490578 260001
684824 629885
2712 359905
517090 660600
980237 300220
956837 789305
625226 789484
597702 333175
930907 398865
811145 878525
607436 865194
268883 64855
928249 413365
884954 849148
133052 667747
72651 405076
414305 695070
493033 646783
102072 692838
525934 43670
575680 156452
746421 573653
968894 319641
677530 907125
275647 893370
170741 291257
940738 282311
79401 882063
25548 917256
400815 809952
222794 483112
19579 47222
280225 284795
48590 268229
766985 452443
950137 135636
668980 479475
473915 410288
818861 972886
130718 46637
231604 918337
872119 351386
884162 569936
326820 15227
895836 363800
176320 826168
677275 29284
616880 479985
104897 227998
306150 350225
13919 191534
647432 115039
237554 225017
587590 574656
667180 744442
584308 432209
498491 467920
544440 326507
91447 314670
508880 671173
400050 214850
221819 672427
730622 343504
439255 154304
886981 710312
824560 260762
98446 39708
415843 744434
50471 998434
487641 437555
79193 43242
332506 923630
479585 23808
499887 377080
940027 133155
787768 825400
765283 170811
28864 358463
964191 964046
495696 179744
3917 888775
811558 935923
227594 741366
611006 196446
658854 245009
41206 446991
241855 678835
323871 484416
957942 566012
850342 999118
732385 249628
732568 738566
820112 791380
879120 694372
224635 451133
681417 224388
190574 481027
34138 494684
244823 974538
899709 518466
695483 433708
7024 804666
259751 760108
473485 50573
528929 252493
189320 122472
183564 743358
675906 926298
280723 26541
234613 415299
141260 929144
23477 962667
775773 382998
247942 481040
158103 664303
429692 499901
678992 388471
361028 183192
182651 531528
989766 802603
450345 377413
774780 568127
111842 314799
442676 417815
653758 248250
915496 918336
864178 69195
403345 509538
639034 496483
178920 893601
821464 802489
812645 30895
205923 653062
536940 80468
128461 112886
947228 122754
692110 757243
10824 119821
157928 309646
699370 390810
986869 691534
367453 916027
778222 947570
137082 319135
301405 696788
324581 28812
427190 349036
932357 680050
885427 339443
993524 174799
487967 419386
778812 374427
153898 938233
263366 586504
722672 202929
139940 879136
495719 268064
810320 858978
536550 7884
555389 239994
74678 190234
926581 354424
497993 876141
490375 418158
22617 988219
85503 120617
720489 710467
563326 674977
974065 40872
838075 552759
258480 913549
361477 911970
13954 300861
513025 705962
228436 88648
212174 833658
792588 281490
878624 745129
261431 305260
931795 549755
134784 3745
303736 201515
150850 201262
698612 541290
915782 873196
984585 530610
887511 776029
273884 41116
57220 683315
513137 999322
496177 302655
137572 245313
800857 187978
169444 171357
99152 35491
575611 341015
830811 171051
562132 268007
844434 528655
791258 289376
630208 961802
634306 652757
694397 948521
616333 741138
581288 523983
273625 781091
751147 333864
192258 425178
976108 242048
68071 814731
678465 274243
961907 532145
894849 896286
291264 576668
513466 5117
996298 284614
387222 808231
547409 380332
277879 597063
153963 734083
208943 633081
727575 754694
908868 588982
461003 402399
231606 975786
288233 623702
688583 405788
2364 170568
650583 140893
991695 518673
882973 579687
458053 495026
936381 720117
812791 190681
280410 54094
574319 18349
912965 226778
652999 695711
375225 651756
802204 22162
440654 626236
957986 363709
691318 509085
247275 479778
555025 300444
267509 337642
727263 714416
539219 618575
