1 100
1 1000
1 10000
1 100000
1 999999
100 1
1000 1
10000 1
100000 1
999999 1
9144 662146
48526 223753
934063 632539
148505 540612
357109 634753
737629 375734
537800 384558
923626 307857
101863 945941
284416 613482
321476 454981
571577 802769
781524 325205
816533 743535
552806 510524
17341 936633
10784 364746
794193 135072
455831 9769
264504 500877
820105 250083
551633 923097
618109 372605
151065 214850
504528 392589
46856 308303
342142 439261
340681 842688
602237 657823
326498 585380
546063 316263
551823 435879
679196 289826
359039 464890
113221 310046
420573 728500
601833 852344
435232 641386
487884 320739
277576 374698
383820 407605
927031 877409
355342 525410
708362 439786
433265 542265
928387 675709
500819 170349
926843 844272
781234 694022
137613 984481
181712 716150
492067 15611
925665 886392
821487 719361
339544 762780
653317 394693
700340 996492
303984 663550
750366 725160
581337 562016
277841 270840
939281 604203
610745 993872
327989 671162
98173 760187
154359 258742
7951 612690
820809 611021
422809 350994
264957 811619
219156 381022
899207 760088
35221 888164
621333 462454
627623 130358
758091 387848
922815 254240
744478 867865
748789 454076
732090 331024
60100 24724
554720 254846
599850 976219
573137 683137
711073 925645
223085 204349
31678 645002
107540 380880
839976 618734
849983 300871
397131 965194
167606 603731
328789 773235
417949 126157
187529 897015
731905 63246
744387 831485
935148 589236
672299 385301
158750 321447
729689 149254
69815 402350
556266 842519
352186 545101
650465 733765
614806 354063
396442 670725
824052 881953
524748 143572
312277 301178
465803 36315
242362 350403
59167 597937
157796 924024
723852 761403
834316 545581
322003 32238
975344 537708
930004 657006
799730 571235
748683 538883
801365 744341
62423 145830
334871 698816
185261 326272
592330 391239
983182 511958
618203 791848
279078 605608
651240 416317
762825 412083
596274 478073
673115 511301
567606 157435
984802 516948
595519 402602
590416 213364
129089 667790
415510 728393
985936 668594
626292 345256
480992 708169
697247 548712
836190 102602
706147 308183
817544 73306
545330 855451
607958 374096
602601 718694
343816 805045
403624 845351
157891 921158
181870 283004
444831 966558
467147 5242
187657 603782
638346 332144
113323 10955
850131 72949
182689 906088
758549 391076
7441 617189
789988 119019
862561 244702
803513 149431
170127 831897
685973 666009
862078 9579
240463 522562
385450 374304
587282 263767
787595 425250
643053 468417
999775 751291
244651 982697
142233 223392
246977 227198
555460 472980
251986 846471
433157 971398
664313 672052
68985 942586
681953 959989
556836 999219
581728 345587
325099 750867
18381 94803
196852 379356
716560 589424
443387 316647
362748 573851
409323 586345
128988 410513
187084 480698
602467 840637
642722 192417
364220 89010
503437 997196
694563 831230
459227 857880
