283522 272008
923783 754578
164775 925172
359923 967063
611659 72191
628464 167733
933837 951440
352398 691389
561513 857109
201536 942160
703279 430155
983787 95532
328488 384831
33489 743982
388677 91483
370504 533821
830841 746570
766257 256513
68667 9953
154335 86739
141015 705077
521079 557062
444744 705042
516832 569335
296148 909006
179420 880625
617317 984410
900251 629236
194437 503405
77842 16361
530413 9335
446737 821104
886105 157818
606481 724967
280749 271903
417016 667817
555511 787218
585380 261859
59832 304224
883062 154103
422603 937488
984421 292909
827670 38897
423382 41303
517792 196488
427823 604601
240475 242412
592779 636866
563336 550010
789342 789964
39415 235156
965180 253384
608890 187828
263399 64515
918850 67590
40587 230824
112374 207074
393734 284719
359003 414693
562614 709647
601214 427803
373923 869873
404891 883950
424327 536666
157158 537877
312836 494525
921418 507636
108226 679401
128076 181952
622328 325009
496616 50326
450910 259365
487242 404744
162128 686289
320077 341467
268846 717735
46342 345318
921618 12805
565897 410688
738451 7832
65426 951310
549460 119055
348367 48801
717372 215062
587378 946272
908821 902606
216217 524594
554912 514219
841415 26718
555909 639477
838095 718157
397941 612084
124315 645823
36133 2491
100550 750110
889309 748955
33801 800206
300631 237631
589056 508592
324549 451319
490754 269895
367391 993004
453873 42895
317121 81444
84869 798794
613240 963873
330910 238128
801834 233557
291655 188224
383522 568971
446222 968878
350660 307996
98097 574313
480201 484184
914998 23681
360048 254181
798377 908261
978215 654704
736026 309314
289192 544155
302452 648425
821574 888018
579043 6112
916985 726033
613438 933222
141048 153978
53459 949306
530510 213518
552392 733587
113898 997426
867821 98640
45826 584000
215851 816908
708503 807026
308609 632500
19553 732056
656351 331725
226266 769083
753056 878036
429289 482157
954812 654211
562097 139026
735499 790786
427458 896380
963157 723316
671014 639695
906140 212512
622408 692037
946856 974487
911997 380005
969791 249858
433551 871870
439793 956239
912015 210616
546303 228392
901106 951855
452742 397147
763078 62163
147094 65133
458821 488848
209655 967310
525123 839938
855918 573011
787899 447460
424147 960246
976760 888209
62895 260331
447917 655301
86263 258519
943964 160292
204996 125188
124635 499350
262957 962297
43608 133136
386229 533131
710918 912012
668220 784517
605690 516061
567757 707051
845286 212898
758974 286149
837610 806485
305206 15045
261193 276275
160354 486833
393779 154235
120393 198972
345187 25147
340422 47322
823258 662835
353033 160984
689422 100058
39118 91091
881995 870857
945322 241339
883772 631798
37341 721217
435835 716687
981620 801171
121584 269917
950290 664757
45890 657976
559482 623678
888134 730178
469594 425968
328609 225896
11157 313757
351504 481042
519439 595534
631447 584358
321980 787999
359930 754874
459473 831348
728422 129704
661421 441826
308890 730544
577394 751715
886267 39328
266762 507255
863427 654808
391839 780378
607668 787237
28087 513747
307448 861353
789244 684095
542152 726710
873773 983968
408191 627646
205740 151850
761478 939472
441559 275553
727868 263847
27838 360846
877006 712963
719948 879790
926964 654020
68096 548363
888354 415961
851322 233408
333494 364964
879735 624585
334376 592042
405608 440166
766112 113202
678999 31149
651922 376224
906497 596353
301418 613172
170611 162477
140619 913934
953896 398203
380149 441933
679226 941982
909638 954605
408079 644510
974564 60571
104013 460577
159086 407769
231119 188507
529495 670797
257698 581887
732066 15084
237271 507322
756242 787351
223778 504822
137978 257177
591787 806869
740849 211923
886017 602179
83834 442536
2431 383521
417121 251881
178764 550026
911289 988159
403433 958118
451531 921145
852088 976588
548972 674071
373471 206563
201692 235636
718726 840574
362285 724961
111558 32175
448778 215441
611526 697961
339255 698874
818953 307445
516346 832164
544424 216391
148764 341165
553197 73875
414447 491237
179536 381347
734208 463746
665030 942772
771275 373681
787694 476664
864907 537317
113694 339522
