964853 907003
887405 284973
910433 499328
497002 415985
157516 796637
494631 748684
243278 922906
896579 573667
303964 73735
509635 804064
286934 514574
474069 357631
319090 705400
730013 458380
221628 854884
283802 933543
107117 275543
218593 358063
322307 476555
408245 247457
329869 351695
461447 616933
736736 763139
313400 962930
42716 246169
967705 713909
759163 758127
611791 344887
710966 970859
203000 759787
506887 253872
830438 891295
280770 851926
908992 162654
565643 813567
921197 137212
512273 158534
947710 242958
473823 352890
840972 44105
40754 707798
397395 190650
130192 864674
29255 18743
312971 380480
939648 759025
236831 630941
730979 244156
122922 913057
122111 811588
528075 248857
853580 920863
787026 279382
775347 790465
672957 588369
589540 245748
216621 324504
486110 293901
452931 803187
537274 842390
669599 762968
132283 26937
19492 948983
994199 933789
24884 70682
123794 611384
696369 360508
260166 977774
328600 800903
856594 35344
231206 728891
891505 805977
984050 715548
961184 980702
485635 926890
355222 621307
799149 620835
359167 710047
193037 174954
836917 191248
774784 140616
994094 965063
618395 621933
29102 651897
310415 832108
396934 639271
726699 14952
426722 638059
946225 406092
359365 713047
385087 297240
298702 243476
152923 24731
32718 22835
148897 950535
905477 614014
41691 447492
7936 361355
73467 454442
546380 974580
415977 755939
829741 929697
63366 362411
970507 992542
6929 322473
539978 151101
486559 686568
246166 85548
467164 688321
193505 995808
349458 377244
692121 991643
759446 609914
603095 889274
221811 614608
602016 663443
395767 492225
240948 734944
381276 781603
744751 743370
678149 647277
959198 297624
701148 310044
214107 376223
697519 156129
635955 115926
581963 155013
675089 906144
986947 130671
603 75948
898310 262767
732399 632791
937533 553772
413334 453416
924360 983841
598942 698257
950094 957465
875352 132340
165989 937045
100337 883057
44906 471640
371261 577296
454976 726587
580937 197283
545674 108434
599799 879705
30140 33469
643946 245123
703679 252139
392798 981573
881679 832129
247854 566977
93239 758155
313444 199878
669953 688654
8927 191546
834500 279325
804039 534979
291689 236359
325215 77204
460098 587745
922345 271019
438236 854829
340147 339399
644750 668387
211415 341225
375275 561090
755624 426676
255300 145777
668774 346688
357553 152788
673174 21299
128939 548057
209447 483775
283733 307040
17124 96934
296856 179999
547352 66899
346475 220273
62259 683441
531047 439382
849916 523781
770694 665720
750475 264311
899873 25021
869162 323614
942929 959528
579907 537911
689916 972943
23684 466320
155567 304128
948495 834414
663104 314114
872676 399866
719211 789410
409480 803532
548978 540554
962557 781758
259315 516227
145160 778840
435425 124599
388013 432336
25271 108671
231111 360015
155158 366527
446770 237596
683349 77807
515735 552370
857510 449765
874208 530167
208090 939537
225730 908151
856532 132302
430048 455108
603343 470855
57444 449029
114789 787939
979118 335203
424056 688562
179927 461312
337162 51379
981375 182488
617369 325527
807051 598529
123560 877007
865487 297649
108044 954373
476527 23576
78834 585378
296568 692571
329069 99402
568265 562484
821478 622121
494063 972298
777924 694584
624820 954845
221642 920015
306594 508488
978836 173488
898527 10531
857628 196479
617090 551087
808263 541518
244584 443200
236799 532035
242207 979482
96962 812658
172882 866481
559403 495653
453462 61254
448281 630550
597807 472623
99411 953698
52592 872046
405013 373381
198541 495705
158426 707757
435274 648374
907528 176655
506857 521696
967582 57771
743277 146753
291856 362320
968901 494474
377689 860658
657637 861906
459204 562086
261454 204852
739800 333670
327404 573692
802914 30325
434572 666802
79780 936986
127271 520935
591641 255145
11315 743550
25491 480356
126482 913425
296832 613114
932496 899327
407587 882476
600601 26430
564702 962969
10662 417593
621916 211954
130984 880105
751730 891905
452748 450289
348024 9289
402287 763709
64046 396608
794030 738544
941268 329004
260448 723274
833647 766611
950994 999805
981542 857260
386122 962105
853576 986909
188034 908938
