229575 129348
446267 874589
216860 980680
500796 914233
345633 33076
337863 574391
403556 594941
880103 894226
608804 182740
944797 752930
359581 222843
379250 832741
444823 682131
877326 843763
211634 654782
804453 133637
462722 699992
72472 699741
849917 636414
920305 452599
931067 130021
796770 240814
227280 224345
554791 837935
889252 319875
372497 299799
46559 578145
236449 550045
930485 459503
967454 68108
308261 97479
554300 56992
57924 290182
826784 463998
898885 313361
697560 800531
455419 542026
233490 297562
264611 812726
985913 915753
345574 248772
551565 118298
763737 259726
380698 496910
140835 109899
799830 867807
299169 614544
101412 528560
251596 891127
469767 680011
112075 755892
735892 947886
672932 880949
235633 576219
353495 258520
971452 135597
310709 37354
829050 990328
1112 693442
615404 583106
997951 980766
560836 495020
265890 988651
991896 812617
695101 392431
190396 465303
982206 150444
884421 695879
77641 360487
304132 110988
73776 622063
21138 821538
260054 933787
705587 993528
281033 920362
902621 709518
667250 496294
748735 76639
335365 36504
98122 257765
627814 56008
514332 330633
68394 740041
641627 453356
866909 350946
777542 563466
566709 818217
283305 743641
591936 627436
234549 805055
294727 603362
339808 709714
90795 617307
607656 287217
942935 463119
983807 343357
166450 935500
811946 126455
38093 891278
722337 387961
893205 729806
184319 157876
277411 937136
132559 867996
216902 413701
14395 309118
901896 62776
608601 720546
