497030 795836
824463 419127
60837 999407
894124 299045
834838 84565
796871 465998
286447 561539
974937 367382
76901 285792
370669 252920
507131 629086
778298 613718
39053 648415
474724 126578
318202 366464
81081 684519
964493 63410
650872 208748
894902 172258
180617 457783
95232 968539
95407 976246
567668 750088
774472 658790
646670 613716
850785 143927
997789 253041
843953 398029
392356 425302
667063 401488
785512 864912
685865 807094
315935 457627
302609 804893
592600 431570
487054 198320
37332 170016
283610 873168
111390 5705
86269 423935
970197 17581
391921 691366
462387 418254
817869 360528
417644 594095
400767 570474
852407 239779
581920 694601
63313 315198
827849 65051
575316 745075
535179 434983
564788 880229
725372 399371
687386 744305
47548 827897
206408 975
776528 602861
939310 393917
818482 600460
818486 135593
217975 905602
796894 350654
297910 708388
419988 216012
357827 194687
632471 881916
806184 13700
291686 607086
708708 582211
419059 795767
997609 568188
436823 785767
5373 385678
509293 303858
562054 428453
636331 478607
626452 71599
331173 180562
309205 178269
555613 245842
189841 963071
82646 831590
29970 584066
609931 750356
341263 762113
757065 135371
779584 59314
545442 199804
5539 187543
81549 170481
476935 863587
942890 700166
620098 279168
200270 192403
964637 212090
101006 509032
120262 169092
184719 472895
924396 721416
6636 426871
695816 370892
702957 865247
292196 867354
348626 814601
588436 887462
429903 208715
67818 380471
782517 975703
449455 688312
30669 935400
663261 755301
903040 891194
27542 357081
798996 492877
184554 298897
631493 545717
205797 960067
282811 445825
291516 394526
974981 333043
657812 436546
478928 369958
529996 906303
364595 279255
642212 61654
428946 901545
281108 900530
29527 71908
705222 782630
298348 555774
722005 109531
114171 133432
310784 479194
270858 177270
442725 813756
495240 227076
667754 448825
840073 136025
613622 67951
505918 333658
273717 667753
330400 632043
847944 447149
24091 787408
944941 628414
729336 721960
154058 738294
631685 909195
352019 804171
163123 930935
621867 253255
802146 625402
330701 42074
597798 563086
737967 689016
323071 810740
487480 434433
597686 73757
474033 710844
411061 343291
869440 470010
223353 116893
543009 684183
225788 110036
717911 515571
401052 130807
467612 231078
740334 451177
575449 928625
345708 575621
355676 536904
174819 781521
265686 352095
869452 185655
526886 583188
450353 377196
515573 991717
657749 850056
385415 732282
370348 566011
239547 926955
845147 984946
183006 339706
486217 809705
755162 756201
472684 510358
567025 319900
854481 416402
449701 127041
658963 795253
58027 841209
142345 871513
667312 952378
566968 183911
851340 575840
788735 25415
836197 363197
498602 966938
587235 180609
177863 626134
105377 698722
699015 910220
984184 934232
32322 935365
10579 84792
702744 705065
479746 706962
482768 416073
938761 401200
303682 952831
273620 688335
521202 729968
410824 688797
480927 547332
417385 548820
794884 533148
452010 297133
862536 568275
845467 961147
947928 808169
569566 323413
559205 49041
491858 657101
967586 720839
107157 143572
449917 232059
887115 445549
242266 240013
995590 86213
251591 175092
880191 867503
288316 8668
169371 550222
954754 821673
379599 413978
352596 204539
168618 116829
457278 899016
258462 482443
347876 378609
695878 456886
478194 256644
817973 497634
828095 509710
147367 84167
83647 509039
453803 872524
960500 763540
388163 255444
406985 95600
419963 735215
701708 694369
290898 568146
395048 121162
834695 597544
634715 877707
807457 56362
662659 590389
322885 391185
173889 212233
593239 835978
787370 899298
939538 547022
94971 379240
453498 599735
626485 697213
268868 43576
597125 197913
131292 512973
488387 482419
843498 600269
354062 864681
206585 310861
240212 544799
278340 441311
261258 314965
126019 647877
683888 118744
763645 305979
836329 195561
632898 339
782584 859599
811801 631075
479560 185979
116911 672742
569586 6954
402364 81359
51638 656993
653117 708710
821644 848023
919885 853702
475614 904691
749743 757325
828813 344442
529054 430788
320137 448310
74307 195622
842818 35707
881687 710099
