288762 440709
377514 205556
410694 678787
139013 528676
978213 650548
817129 924355
827408 953377
319576 432185
403494 794269
321092 585572
154802 655153
520977 444655
444221 981132
1844 360532
419294 670006
994552 194971
705009 40841
292741 759764
487420 389999
280157 311232
541621 204998
34888 37876
24138 599684
256897 613001
397723 558646
828680 49151
685573 134467
663641 287492
362402 828294
122708 182814
581350 2401
686986 803626
108605 322831
762686 256840
291678 910827
464311 567835
622657 93752
973057 499237
974338 389272
599600 575537
385007 631076
993939 995693
346730 950001
39668 562187
912369 661386
846049 232499
578143 977637
908459 407799
821403 864377
946288 613654
377391 289251
147070 798862
824103 574341
546619 81062
810986 556331
57157 401541
315037 782968
218912 216721
636990 30028
95375 50080
460607 9900
858396 455810
189717 261103
516513 704305
950474 857410
928393 289591
100426 755961
712986 180142
821315 315647
918973 587012
389172 760194
348318 907046
13058 134828
242195 413945
712974 611024
632308 216261
567760 830789
36591 978938
805437 350071
335494 913797
631277 140314
603545 584403
393008 537837
390608 142053
667889 992629
448225 712142
123013 461317
178656 783977
548032 313480
147726 622122
288618 176143
847282 913674
419291 228199
519076 93390
385897 74674
259084 47369
520818 480163
809771 186060
788139 921425
417526 198627
351323 131048
883475 153251
72561 547251
468100 991746
850802 859297
623569 881897
784587 643691
622417 337214
506148 423190
27183 491342
674839 348877
602847 423155
540817 104936
712373 968602
694002 566411
455401 26650
598681 202197
811108 969230
280723 208622
828481 398859
582255 883428
470712 162666
727692 805607
65179 227832
555429 973466
436421 750990
661064 171461
706763 432932
870871 485754
437717 39988
918386 69103
255012 794762
932258 967623
351082 191419
360174 65107
291064 674514
251490 975019
361846 535417
400300 15934
298419 326634
711044 243101
597769 71905
290347 876992
787769 558721
191621 369100
957020 39951
443093 775903
571293 742563
975246 73858
103217 683955
330269 541409
284093 430207
583978 358446
850162 595590
739751 129302
500412 78986
964379 122266
408960 260379
427351 636804
42299 639390
177909 59046
220143 687848
448354 846785
328369 9708
7394 897143
343484 254126
703957 493235
860326 611327
139728 300538
628137 135922
487771 689398
194895 588611
834963 996954
135776 964781
67542 209972
998821 387253
241951 949485
539376 580513
587244 568770
34598 715015
770675 638155
470294 12718
824698 83271
174577 138765
181449 767803
36320 69305
589887 367449
791106 821697
301129 968707
983331 160906
799102 944289
120378 154674
526493 306349
223227 240104
510093 919407
447611 285564
524947 666734
700790 984372
453374 907163
211252 800507
792718 333659
822129 601630
844839 650692
373827 60990
980679 324345
917365 887327
514841 27244
657126 950666
147981 299844
460216 411962
638905 380244
489348 35798
353623 116609
17130 967934
605205 369486
761891 393245
246139 335653
148630 654646
803995 780857
743417 609904
561549 255689
735529 230749
374118 986996
748872 707497
689722 286671
452659 612455
191768 309
411098 996622
719328 730126
362781 646804
636663 309729
652705 113971
621514 282696
853337 538806
920768 942638
705855 746616
482471 829289
388679 561356
14745 443353
777617 797286
945048 342254
800458 926834
457270 709583
208540 994513
269567 952971
88807 949289
582383 878263
222117 201582
673998 512283
956990 876122
950025 702173
612779 928173
863639 206151
552159 18168
14911 108748
970089 798609
910482 42967
134893 57086
318912 882480
286779 980613
892390 278902
650158 658958
742083 662325
48298 828483
952270 97724
422352 773016
597503 695521
151523 244588
687373 111465
447094 244388
605089 39215
250289 513096
28900 498361
2407 619779
29523 151321
375389 609832
22053 844471
551957 274986
517471 61991
926710 242183
166696 5369
162996 243169
419226 567134
385158 122947
228782 554327
911680 372755
629953 135366
342024 232039
682697 633390
998399 693920
235673 469812
693447 69955
194683 273751
545792 122515
499166 916152
97641 156903
807491 501831
302093 880375
970916 158339
42530 281506
