1 10
100 200
201 210
900 1000
1 1
10 20
30 85
101 501
11 12
867111 372010
765896 983987
44491 378935
193510 508187
393688 67549
467446 136812
530030 682021
524392 69041
954237 465610
554037 723215
139587 394710
400422 717857
817327 209607
464831 849630
644878 224022
798094 619809
364289 215846
286002 983170
869802 207804
793890 319676
262069 647380
74694 211583
290260 629790
370135 529328
481010 55630
99807 671670
694446 459998
433752 366059
589893 647465
309049 650791
688576 935565
536274 537241
56238 930343
413401 950887
157109 713462
292178 513110
954201 567239
52285 328594
345561 88453
753933 403210
312368 465763
439820 491168
841330 427666
52441 114843
799775 722803
199049 135409
865576 136860
52338 270952
37453 587503
177993 215453
800963 387634
52015 603583
449989 808543
273911 154284
375908 368365
83182 22972
812185 946671
108198 683120
783814 445533
638857 995737
580036 726167
632334 662222
685199 894104
438223 229184
944379 586257
384411 924474
241891 631301
29427 811117
684029 610492
45569 855661
661928 9591
221301 331595
616424 618565
502818 438114
395832 243753
500561 370273
498718 889764
749722 451617
404715 306452
897745 610549
248388 753024
620342 287738
734611 436941
110706 297346
864133 939587
235187 389075
401039 741698
785447 661624
253380 466436
411120 651513
942316 345197
707455 767655
464230 972684
992928 820327
334653 593359
977966 865070
946239 132142
457870 829938
220388 539268
655205 678668
886660 959981
361258 424104
637545 84268
335458 550702
993523 234828
273644 721691
227497 304501
778303 562102
600878 94639
24665 54405
264987 365310
564019 575288
707791 364820
843755 18885
350019 322258
203315 794741
614039 93733
798285 567644
955721 626838
581224 601620
332695 536809
708751 231659
460123 227271
214391 218055
139120 205810
608315 585196
579420 629308
222499 185447
357955 422075
194143 136101
684584 376588
527912 857057
8400 124038
598699 547510
91186 943295
643970 985438
783220 141660
977272 789635
806256 858903
108950 653686
393452 389952
219769 638081
137852 927263
633689 209233
997527 281320
733391 786122
746675 407856
590082 659778
719382 125667
274269 79860
213705 174466
926673 192217
711632 599962
921370 664178
582936 238007
544204 732896
485957 983305
773257 282514
484224 943312
873805 597142
645367 915560
450470 711802
30434 115825
727126 194012
693312 88777
912396 817227
925251 76523
939522 470477
189115 569311
614339 900316
107715 442204
593118 585601
478141 396253
689842 871580
745000 778992
368362 396136
827695 592258
768224 49303
847985 451880
126620 89925
819951 43714
379711 103740
814001 157253
779017 269107
969036 519949
947568 114291
220297 900633
467342 875093
815261 291890
647126 877016
559070 439160
701084 731835
794592 216703
470221 176714
752451 10117
500607 341034
64903 921917
410363 500138
950083 124843
658909 526641
887223 202687
67327 727096
611733 734887
888953 460456
632873 650848
709066 997315
708429 234557
295898 85652
582345 335911
67204 15325
531720 170508
990282 486745
111116 794704
479430 957364
437698 862204
28138 283370
725285 466048
905277 777666
58247 972119
541750 962552
738178 49291
527945 106669
76613 131842
626670 217960
533822 763090
