1 10
100 200
201 210
900 1000
415 3
821 680
959 68
292 295
712 353
932 744
547 193
951 423
81 778
249 897
370 908
680 1000
427 691
9 439
953 403
490 409
244 932
126 828
863 248
415 305
26 323
577 576
482 125
453 458
955 43
178 172
772 592
852 370
526 96
184 414
821 328
236 751
388 984
105 192
650 114
762 633
833 270
506 238
630 961
580 564
497 897
547 399
669 551
517 59
969 456
527 438
347 879
665 822
287 620
662 157
7424 7709
8605 1082
6158 7422
8113 5847
6404 7464
4664 5823
4779 9707
1730 1417
3531 1962
2592 3626
6671 9146
529 1717
23 6637
250 3365
8294 7982
9174 7652
7471 5605
3147 1489
6346 5439
299 2779
8198 6362
2569 6404
6150 3689
807 4195
2930 6465
5086 1902
1501 5382
6736 7165
8271 5828
1472 6744
5041 2645
8164 8567
3729 7265
5251 5953
2500 2052
4304 4353
9501 6398
3113 8717
1760 6646
229 1876
488 8686
8627 8461
7378 3882
5833 4043
3290 4682
6638 7610
7782 9288
2255 8144
3416 6434
255 8815
650389 226140
61087 871133
333571 364577
103730 831112
243987 504753
639857 547119
725898 320844
304695 602923
203558 93217
339148 600391
365593 764995
43655 552595
425719 839100
831710 28269
774883 942027
888188 75745
427982 38076
111756 359469
436629 215549
148653 475685
496012 974967
504984 365615
404321 294295
302049 840261
920096 842996
540250 378896
210911 673105
470440 923595
120716 757988
639174 836874
968096 73951
259044 843792
95872 313354
140613 624865
48432 470915
801286 676802
390718 345635
636501 140346
2774 885388
775195 559055
739670 840971
336288 718174
852252 588567
457060 86924
615110 614131
735892 441713
794877 601830
88632 852203
664725 712257
178422 54750
5033 649672
12341 744998
14102 788054
5374 873521
5923 835685
6598 815414
2934 847041
2271 963487
13898 901368
17967 649953
13181 719655
19493 874363
4874 672335
4295 895879
9634 661173
2497 824159
4592 861948
1807 966141
14223 962729
1311 989237
4347 677626
5472 773889
3492 719167
14105 635142
11344 637851
4277 880546
5102 679552
10921 770195
7472 715415
8991 990520
3863 617380
4502 709249
19913 851379
14044 949078
16822 850024
1551 829285
2389 741701
18178 974882
3423 669019
19964 756029
11059 629257
3071 899906
9520 986111
4336 829859
457 917952
16902 728173
11768 957303
11049 633771
4973 969069
1273 786716
16089 61284
14047 95378
7925 22462
13621 84441
5584 86090
3870 90084
9833 96494
3667 40519
7618 24918
16652 80963
8167 75187
8680 89502
16663 98607
12410 95959
15420 72435
16474 79602
4338 74079
4708 63494
17369 20835
9219 92311
