1 4001
4001 8001
8001 12001
12001 16001
16001 20001
20001 24001
24001 28001
28001 32001
32001 36001
36001 40001
40001 44001
44001 48001
48001 52001
52001 56001
56001 60001
60001 64001
64001 68001
68001 72001
72001 76001
76001 80001
80001 84001
84001 88001
88001 92001
92001 96001
96001 100001
100001 104001
104001 108001
108001 112001
112001 116001
116001 120001
120001 124001
124001 128001
128001 132001
132001 136001
136001 140001
140001 144001
144001 148001
148001 152001
152001 156001
156001 160001
160001 164001
164001 168001
168001 172001
172001 176001
176001 180001
180001 184001
184001 188001
188001 192001
192001 196001
196001 200001
200001 204001
204001 208001
208001 212001
212001 216001
216001 220001
220001 224001
224001 228001
228001 232001
232001 236001
236001 240001
240001 244001
244001 248001
248001 252001
252001 256001
256001 260001
260001 264001
264001 268001
268001 272001
272001 276001
276001 280001
280001 284001
284001 288001
288001 292001
292001 296001
296001 300001
300001 304001
304001 308001
308001 312001
312001 316001
316001 320001
320001 324001
324001 328001
328001 332001
332001 336001
336001 340001
340001 344001
344001 348001
348001 352001
352001 356001
356001 360001
360001 364001
364001 368001
368001 372001
372001 376001
376001 380001
380001 384001
384001 388001
388001 392001
392001 396001
396001 400001
400001 404001
404001 408001
408001 412001
412001 416001
416001 420001
420001 424001
424001 428001
428001 432001
432001 436001
436001 440001
440001 444001
444001 448001
448001 452001
452001 456001
456001 460001
460001 464001
464001 468001
468001 472001
472001 476001
476001 480001
480001 484001
484001 488001
488001 492001
492001 496001
496001 500001
500001 504001
504001 508001
508001 512001
512001 516001
516001 520001
520001 524001
524001 528001
528001 532001
532001 536001
536001 540001
540001 544001
544001 548001
548001 552001
552001 556001
556001 560001
560001 564001
564001 568001
568001 572001
572001 576001
576001 580001
580001 584001
584001 588001
588001 592001
592001 596001
596001 600001
600001 604001
604001 608001
608001 612001
612001 616001
616001 620001
620001 624001
624001 628001
628001 632001
632001 636001
636001 640001
640001 644001
644001 648001
648001 652001
652001 656001
656001 660001
660001 664001
664001 668001
668001 672001
672001 676001
676001 680001
680001 684001
684001 688001
688001 692001
692001 696001
696001 700001
700001 704001
704001 708001
708001 712001
712001 716001
716001 720001
720001 724001
724001 728001
728001 732001
732001 736001
736001 740001
740001 744001
744001 748001
748001 752001
752001 756001
756001 760001
760001 764001
764001 768001
768001 772001
772001 776001
776001 780001
780001 784001
784001 788001
788001 792001
792001 796001
796001 800001
800001 804001
804001 808001
808001 812001
812001 816001
816001 820001
820001 824001
824001 828001
828001 832001
832001 836001
836001 840001
840001 844001
844001 848001
848001 852001
852001 856001
856001 860001
860001 864001
864001 868001
868001 872001
872001 876001
876001 880001
880001 884001
884001 888001
888001 892001
892001 896001
896001 900001
900001 904001
904001 908001
908001 912001
912001 916001
916001 920001
920001 924001
924001 928001
928001 932001
932001 936001
936001 940001
940001 944001
944001 948001
948001 952001
952001 956001
956001 960001
960001 964001
964001 968001
968001 972001
972001 976001
976001 980001
980001 984001
984001 988001
988001 992001
992001 996001
996001 999999
