221693 967726
787696 564300
909235 26668
473477 572112
442890 835890
652529 836405
894043 563051
392610 709887
923446 417623
811819 756462
494546 465247
827542 900708
9174 749283
591943 530760
846746 246900
191723 361287
463076 883453
356668 612849
376159 431643
921528 741395
546660 568864
173022 230286
944387 436989
941914 374331
835343 317142
951525 979446
931305 621986
822673 207810
666014 977771
347504 416875
910852 279762
169816 56225
387072 167177
626807 523952
772331 478516
27743 510846
480222 251431
192300 580334
245949 510429
713204 651477
408014 945400
48999 581872
279024 740305
473011 720147
333548 63018
608013 632250
313487 757815
367771 160022
406001 321608
542313 996752
574284 966315
904138 578080
935096 772952
254029 299239
587894 861607
73317 603298
224060 834287
436245 667788
139736 385710
219036 56405
283249 873776
801342 813342
997706 129680
98577 558120
381869 300594
672928 561021
768311 339726
892467 7115
621861 903469
545927 708372
577964 360005
879063 358711
268916 571210
428117 23301
926313 812252
603928 518462
430729 232092
671048 230982
587853 151140
192782 593387
715581 673163
102430 947669
866945 765537
537371 566440
383308 985061
92026 498977
481582 663475
120488 707841
939381 561724
43860 877278
123033 307963
748325 918241
532421 962758
564892 433005
982972 547993
431125 841660
793649 365915
82079 413618
886293 906197
486747 577492
468828 697514
338279 838037
78262 193665
12054 179276
57698 329075
186889 428059
820478 58144
42350 171866
628463 968124
242537 346218
62127 385788
206147 785093
355669 125346
739526 492579
206539 414016
800786 520717
15435 179833
53165 48231
379650 120688
127568 511261
989668 536627
737192 533465
883864 404945
82912 987218
742271 673832
289304 200452
552162 146553
647795 262893
927788 238370
177768 713624
980612 760301
711688 806990
131781 487897
417419 922521
628777 721672
638856 282092
520429 376483
637231 868328
516122 750908
758802 599564
422675 662268
554940 884232
644628 796994
93830 180542
76752 963150
906656 185711
981951 175580
853532 990379
306108 228129
329473 423461
719192 558557
340584 86152
494186 404594
28867 893172
621823 968837
221038 238962
796314 296596
841063 221645
983166 933041
361751 528280
109845 910794
998941 970088
545825 9173
62505 684637
269578 313469
197423 618086
228153 747207
918517 768689
54088 72891
925965 315529
104886 569891
596246 249472
781258 995754
512800 524622
75715 622121
402604 852689
957576 313522
694403 295871
615926 678555
120873 804612
613430 584651
136364 801582
129964 8619
806089 296509
378505 709456
200260 843307
611557 566649
80714 941812
777918 304426
924002 4901
820537 97999
861036 866376
859626 639067
638918 227953
160777 742182
511829 943151
13627 158374
795600 685933
384472 411227
119077 526926
613642 984398
338981 749129
625585 744624
484734 789070
69751 613817
419260 82278
308701 12719
761319 309807
717539 10852
578086 29382
363349 570716
312232 655040
914087 309243
250094 748440
600113 778423
674261 87698
172573 73324
502169 507653
545915 776129
642165 571043
437180 495355
524662 848619
557661 48067
947102 694186
75151 395225
654510 812299
749493 661787
100902 171367
814030 155166
801340 828108
530515 947838
583564 62729
205622 572260
282394 999756
651250 881180
379383 797624
387554 324968
606378 595619
462848 517198
975163 717005
666475 729104
888728 994644
98544 689457
99787 721107
5089 226668
485897 315595
747169 840423
801801 909351
984310 54799
183171 684951
