1 10
100 200
201 210
900 1000
1 999999
504132 193797
126685 165694
601627 333576
187411 593887
951932 145123
446479 591619
780014 826984
971033 125420
472574 885563
19757 154287
965312 172435
909510 723072
186969 836712
252344 460289
456413 22750
459196 872802
269558 86934
813670 287031
405834 868773
486729 465960
978911 831183
325633 289345
276530 386654
524135 535787
732034 857643
683039 408654
464180 984964
841137 193172
181975 155293
115187 508820
990149 847265
187853 86287
189492 323691
948303 66787
622139 80979
173115 161012
620328 162356
606152 874604
582031 885750
11094 348245
56444 465034
523762 150807
202430 826867
187065 738050
865667 148281
567863 500265
955587 217941
871270 861136
290897 826336
996971 395980
232785 893202
721285 545228
464162 103282
387631 12303
815968 36722
745073 492204
357028 635048
714012 767071
425437 628499
93624 390909
385403 136353
893974 266663
786624 738524
722102 721562
297625 525664
586119 3362
34116 437173
61309 279024
368996 223133
340115 192479
886724 58505
983976 966266
401839 534179
727929 407239
499618 2979
574569 290242
82505 578289
176583 673000
33523 2904
293233 104205
505551 632946
687132 668060
982282 923981
651055 931042
450103 359770
559122 420231
83102 255707
44572 976519
559209 571251
979103 61935
381013 570016
925421 303206
16118 510566
21661 577369
682180 921531
386714 487209
221969 502057
626501 667134
629179 849214
311191 998646
524529 573958
790302 548501
131415 990461
288189 224884
157466 371762
116718 734372
725773 367964
22338 136515
699664 181316
242724 12173
817475 794350
841850 626182
248078 130762
462542 594820
97179 878867
935176 879763
518370 22086
709911 362478
8829 848580
178124 791161
145478 729663
610587 855581
138959 411846
710648 715559
288490 503376
642110 878517
146659 449212
577032 929867
733267 704604
364949 50359
323498 302692
625782 947401
234280 647908
360809 220638
915443 543564
921903 712040
300409 706095
911007 27058
776538 172006
202109 83194
6017 590661
921151 468376
227863 890154
684977 551921
171722 505783
882877 435932
124729 705319
804201 780418
344335 859197
248739 611417
598396 864187
380070 953517
735324 707118
668276 372857
214091 891148
647057 786814
294441 37415
577273 177694
223486 468327
167113 815274
453497 81693
628837 118962
865676 426569
621777 770265
747177 935562
507696 163085
176724 520705
713638 864888
954569 508602
90545 209883
336888 319798
100343 722718
830108 12447
796978 705932
628887 127181
23726 679868
147553 499914
437517 468921
191770 779064
413777 410385
587573 882763
374983 126253
319876 544652
112233 41386
180489 529559
275429 831815
91483 326755
204909 31157
567366 226944
755808 457929
318234 722849
43153 446156
322189 980024
115812 931432
510480 760641
33211 204433
17467 937360
948483 399494
71086 618930
301541 64918
494596 704326
755256 266529
335858 861210
959571 461944
154640 379432
675629 26099
912399 534854
459443 31137
44449 860694
365107 641203
