982717 256070
768517 142429
566055 196251
432822 488305
891460 615013
554088 288864
204407 127474
291439 489843
856593 318371
59890 975354
849783 724300
28999 739266
690707 494374
774119 805053
579341 66023
86228 839711
758179 999113
885563 908602
681313 7336
502787 330299
556006 847257
749375 335259
371694 861705
944647 26246
939632 925005
775868 54849
777615 765845
844522 360294
727566 882434
956007 697688
630509 527107
441574 807524
217386 827737
743376 967674
636184 663199
27221 404611
106877 77571
174099 67810
47495 188449
661938 967631
86634 444609
980221 71733
645796 719104
560033 927137
423105 299910
843341 536034
714254 455868
500504 652184
940279 776556
669862 310206
410556 425044
510350 764710
306476 261169
52390 696978
744990 512840
676778 891289
13934 77331
883808 619633
902825 406809
348236 410319
641767 632866
577019 867656
355083 147630
528501 299573
523267 994481
190636 635472
918622 252804
558325 225125
226104 575405
661317 873641
937702 807936
435788 511144
377047 450469
382842 289523
321312 842060
514225 157777
495109 362624
708184 668474
709673 360696
1576 236876
552312 671953
665511 174719
127121 918475
336326 224111
228065 850136
337168 722221
35883 221320
670655 235308
486887 706921
636111 558263
122545 578682
294520 169185
468959 368608
426129 525661
93283 169408
475424 948204
851919 712896
907895 180264
479277 379023
853390 616055
981082 187281
523804 195145
743357 713411
655182 462279
997209 941791
303640 273706
837304 170415
767513 354476
208098 530117
446468 721427
966434 81849
613463 374160
379557 286731
47533 541243
782510 845463
3947 596007
529959 283890
443015 106247
156927 243569
714097 488239
719109 164369
163597 415024
357566 138676
570037 56112
298426 892992
307942 203604
811561 690251
788765 580988
947456 862841
846155 651608
247220 379170
700498 208383
917553 648869
776218 810052
44976 735445
384655 159954
322970 622219
583045 839708
290133 930157
995937 794502
427410 783307
208933 704739
609943 818076
169911 512652
835697 299438
361585 153120
73804 316215
117488 178788
965839 588887
195623 885795
80184 366099
454650 581680
733699 393406
439741 687526
846355 466206
559716 516084
157705 749901
694978 239811
568587 513973
716354 904808
333383 881136
450460 867184
722257 13557
824929 221265
530948 325840
404227 533095
743636 249623
674204 538887
701247 820641
124685 888792
697055 229385
881238 765577
471220 760482
441924 262218
651670 803016
738555 627314
561340 678990
160003 499067
38731 714105
56336 980639
791115 33151
432853 24077
592296 16025
121442 238604
483188 916934
260195 874940
937462 746686
895566 304124
822507 690272
879059 3615
838051 592517
494572 675406
799522 487139
262831 780556
823251 278852
5027 670829
161561 748671
144245 373512
766455 735179
12782 636229
906403 522688
675475 801468
610414 294550
846178 63714
909429 413797
745082 697726
161098 454720
948692 317732
811207 987232
921150 767886
472095 362141
775914 357258
727416 566204
180519 584405
943471 69763
556361 967956
108377 696855
562683 880318
964543 79290
321684 59384
213766 221546
797582 341233
909243 94298
323623 361378
667680 233676
604395 145895
14475 583170
592321 103262
345843 128626
605149 249767
377055 896912
380410 500043
138334 516944
213658 895982
321923 94434
74851 949652
455235 142924
417480 281032
856289 327444
23824 349124
77148 394251
162509 288710
211564 825182
458478 858210
989566 102554
582397 222373
390362 972679
138161 974596
362845 942621
684342 634111
189979 8174
556388 15102
619362 291375
701366 325383
495386 539536
808299 322561
113295 484046
631987 912688
514360 934106
935574 173437
251873 214766
324518 313035
470526 164840
910094 162042
138966 312400
822391 679731
960460 604020
661463 685213
735377 330388
502322 24031
882197 457352
542011 85263
140660 924568
933807 276488
636884 14973
79887 475293
375313 925889
201785 455324
454167 186350
491180 333834
339774 149653
72390 651222
903747 594628
820448 732278
71262 814278
961231 430695
90125 24134
691816 579835
115331 729542
125379 15804
176700 772031
273442 727131
235284 468409
969594 360842
824827 595283
729486 59274
19587 379431
670948 746674
133624 905313
983190 202860
