1 10
100 200
201 210
900 1000
930886 289383
636915 692777
238335 747793
760492 885386
641421 516649
490027 202362
520059 368690
513926 897763
383426 180540
455736 89172
595368 5211
956429 702567
21530 465782
665123 722862
703135 174067
979802 513929
723058 634022
898167 133069
18456 961393
478042 175011
377373 176229
544919 484421
898537 413784
594324 575198
664370 798315
803526 566413
268980 776091
241873 759956
999170 806862
497281 906996
420925 702305
336327 477084
126505 660336
621729 750846
925857 661313
353895 616124
100545 819582
233367 898814
990364 515434
313750 344043
426808 171087
947178 117276
393584 695788
502651 705403
612399 392754
95060 999932
993368 549676
210012 947739
698586 636226
297539 348094
480570 140795
960378 651434
66601 97467
612902 710097
570492 573317
260756 926652
560280 997301
209441 724286
429689 953865
346619 228444
744729 558440
108117 958031
905771 738097
890675 834481
698927 120709
777856 704567
872353 179497
276965 254586
964683 455306
28624 406219
332871 51528
48829 805732
530019 409503
363368 258270
486715 959708
518149 226340
700723 747796
2245 142618
493451 122846
243555 892921
597488 192379
888228 537764
792350 469841
441500 165193
87764 757034
324914 470124
275856 936987
346491 373743
148365 322227
281936 709859
452551 151432
899228 316437
975407 153275
276121 901474
794395 468858
661237 36029
573793 908235
894428 65818
231011 366143
639529 335928
322404 318776
255763 964443
854538 114613
436840 118606
344818 2904
670688 235128
67917 797369
466996 569917
987743 43324
512183 259470
295499 298490
206725 689772
755590 385644
268139 617505
469786 502954
338082 907669
388464 308542
939507 110197
228804 759355
278611 376348
127828 573622
887343 949299
35568 195746
755422 354340
613810 23311
321801 267605
473730 425661
811305 44878
178736 229320
248626 79444
503465 648522
473416 586708
213258 408282
167637 412924
305624 442062
532036 962600
911899 433452
145550 419379
290071 947468
487131 900973
684930 903881
845894 808933
370163 158660
387981 657199
252996 548899
713773 152959
739668 272813
681095 187190
116466 952926
911340 365084
327684 422090
855542 443376
379107 755936
219756 517445
418418 669179
89412 706887
32172 103348
262009 451659
625210 402336
467587 166342
319301 878206
667372 697713
401255 575321
44599 864819
229904 517721
939811 955939
915667 73940
346228 311705
829150 811127
996658 565984
789224 763920
867269 602422
54081 821396
740084 645630
811972 679292
73850 207672
905385 647625
739299 741222
606042 306640
340713 783898
256190 352298
942590 280524
108581 688209
499336 288819
371155 937732
218004 495994
614769 160379
981776 85273
247255 668850
348142 721860
445884 575579
223205 421993
679567 867621
690613 962504
262754 801961
154259 31326
828202 518944
723506 613202
902021 936784
390868 222842
