187 49
574338 496
18 232
389 278536
304 407
371 893917
121589 166628
225 791893
839972 78
468102 226
259306 2080
181 667445
468928 764934
123 333156
546 377
54176 65348
80 206
141184 632139
103 749174
226 139
655 407446
114 181946
219 507867
596 622
378 177
202 193
167 141476
50 586862
227669 454359
257 576085
874 139
380 629464
194 61
471180 430231
313763 159845
676 82545
264260 20542
356754 89
289 220138
41 805934
186 597632
119 349561
55080 315
863294 711
127702 71
8 294849
401388 92
920095 12
153 179804
916773 189
240 88
777580 3065
321012 190810
66 483
198 209
309 165
514882 267221
576679 124
498098 336271
759735 796344
129 592
639291 206
262077 40031
1716 1382
260390 119
986488 1442
483 185
216352 225660
428 766
197 785601
92 240581
1556 26777
314584 437147
742 925013
954980 345855
7 22
110 637849
180 160197
126 145
46095 227
677869 278675
146892 410103
15 327659
271 241
794865 170980
154415 628542
58 243
240 429160
139 343
643 629728
210 47784
325720 269
61 176125
444 923
1491 83
551824 211
153 39
826633 295
88 276657
450 1189
235 378881
148 215
30331 66141
773405 149
900421 964892
194642 1607
833212 25
130712 963154
235 137
14809 4311
223583 140440
946924 259207
412 32
148 151
192260 130319
42266 530
1174 1642
995 87483
49 192
379359 849879
12203 69
198503 456461
104827 428
64780 251
340765 309654
572319 380
223 750545
142 116664
105810 529
213595 548799
992826 83
608 247
68785 84
167 582833
178 92923
367900 151718
671754 575112
205 334826
883 123780
66369 569368
78 72564
565966 90621
1212 261917
233963 273417
671565 197
780219 323442
1770 377223
157 761367
1189 1181
195 112
27 60452
1576 2232
198528 69026
540 422
740262 338
652313 74
845 164082
179 172
715515 437
10 217
128358 504
271682 129
232 466546
7936 57035
272485 749474
115 5
742327 311
42 438714
296 981075
152 107
575 20
105956 753722
737132 120
162 650133
313793 2865
556092 200
638562 568085
208 276975
28 311
146 822467
45582 308
517 94
767426 50
973669 384
16927 437125
200 153
107 120
843 723
121 363354
96150 858804
575525 13
810518 560705
619837 1305
819813 225
695592 462
556463 947419
205367 708278
471 506
242825 126
666026 220
46 205903
61 262975
2351 41235
232136 298877
278 21
6 301468
108 190
1118 559901
270349 567644
931396 741774
77 120
2196 602002
576096 457311
167 192348
22 806672
72 488247
958171 852538
119 213
1 200529
168 23
776823 395495
729226 565684
540 232198
155479 590494
387931 475
710010 95
717660 390227
435282 276
181 564113
1760 801505
10 144
150 54943
969746 81778
440996 94122
187 241
411171 600829
149 654
242 258
874380 1619
216 195
205 780
933515 247
139144 425742
502 654
441465 632425
167429 279639
1947 350989
402396 919
194541 184148
48 24
32 411536
479796 51
484320 75940
399989 657
414 359
165 33
488602 135
311 818691
210 32
235 195
638346 863
127 890399
452206 125
15439 10580
237609 1150
127 334564
222 534959
134 86
462835 781640
13163 30
635597 495
194 546713
227 290938
855169 279940
111695 868
884476 139
921430 87
57 212
387084 136
129 80
475223 660014
3 147505
18 652188
172856 954120
747539 197
571946 411
741450 722378
189957 314
82 50194
271 618
736790 145904
242 150
290614 103
961 70
830031 610812
226 640065
249 127
556338 480412
347 72
257871 135
