484232 653529
50900 830257
420741 721022
220767 518235
62996 563428
478846 866446
105364 472551
407061 620658
428432 912276
483963 595409
22591 988337
238229 242173
413658 622672
353948 385035
86231 217885
186409 222696
422299 938465
310166 324547
43544 108503
345836 830602
34685 560661
221855 671837
344347 348011
187245 868750
25593 914200
248940 536881
23317 831075
415294 563261
436796 527840
443622 659411
138955 987356
117026 541962
68291 657922
75432 298893
142679 327777
60985 692298
353627 817063
13717 389377
27579 362101
33743 554328
280808 648949
258257 814284
257363 395486
253635 521174
199773 222664
29678 843015
305027 387100
331492 924423
212680 707851
233890 942617
350652 954497
77170 873120
358850 690428
84816 128628
393314 486512
407662 925012
365248 598270
479525 870338
276714 743345
215773 271901
286115 896563
275144 603518
32643 383796
489230 741940
3918 571667
383208 460450
190085 353493
144482 664770
468007 535717
70487 772897
277995 765454
372293 797436
83796 769056
124594 271232
434234 614642
145880 890565
126467 958811
243993 682682
351354 639277
395792 936989
276621 606975
52036 679524
259267 739208
43415 626729
351737 757115
248646 709876
14848 255280
70266 587823
495370 963182
241685 646391
442942 813064
246635 414760
12869 829049
261687 980381
406447 581468
171461 241683
124829 770563
479097 794418
442500 976184
183149 797826
489703 498939
147815 647099
474835 696740
141249 754454
334292 367757
334305 416926
223033 822542
320505 407434
302532 649073
357869 680318
84715 311371
340185 450186
75437 128582
155166 492326
472602 707148
247344 501964
40315 635047
342070 536638
43682 417856
327293 757262
433364 953890
276083 843369
462793 760991
447229 769700
303839 906638
235736 317464
360413 862852
119107 254857
98002 262927
454634 709937
441185 706302
199592 389090
96258 479725
29523 567935
372295 633232
288748 620589
465186 467366
109017 225682
120323 341958
294268 933763
109561 247373
445098 926455
217241 576940
444581 463317
360631 802040
473588 554546
437516 612405
314293 541675
37153 654256
132360 905235
2243 573286
80848 253850
16266 464290
231978 664601
59687 577851
132752 178061
381258 759021
50444 66851
397671 776579
143701 777501
260787 641569
299812 381078
12843 187708
471765 865977
21622 562542
366651 837827
381322 524358
407541 441054
138858 256857
292531 785728
240039 622872
467760 645168
184487 896999
196554 319438
187225 944839
250053 468899
127787 395884
342498 850671
31916 711893
299883 846518
135067 210103
461447 594368
83730 343593
232454 365026
445519 611661
38557 65823
314855 786474
245860 557080
196100 403421
5148 254698
203095 860809
376723 413094
293055 952452
362751 860939
406275 937867
499932 960261
494223 747898
82290 136784
5480 901823
119042 983646
331519 398207
161971 291069
162728 451165
487697 496528
458481 853535
210038 795615
109958 803662
227799 663956
16651 673663
428535 501201
55637 716379
359405 389506
85218 394878
410894 604137
102008 969416
331721 503161
24768 897660
148898 486639
161574 173669
139588 315917
163538 861238
466064 564048
112456 140153
53025 804910
132354 902498
429724 520182
75874 455570
346549 963577
44981 736586
321587 350424
492813 945193
306131 657549
187914 394535
192422 281099
199351 517897
61359 80486
295947 769177
285051 504541
301799 583871
324264 582876
49673 480983
249698 696438
177748 703505
392285 952856
377049 739743
146970 804034
314856 891095
