539287 242737
383477 32687
345693 141072
193603 287046
991674 457197
807038 685900
1423 513046
96135 374492
995759 4865
99212 719059
420048 955903
125154 82870
584028 703561
43065 99434
222611 238018
173118 955285
587881 795374
340642 132241
990763 692498
420946 41919
790148 879209
661375 204127
939317 784866
878758 633656
613560 250498
72448 663839
597864 445172
223815 577101
978764 208817
403550 765114
218213 397841
783655 62382
828981 734272
83582 986249
55515 641752
95688 343603
668651 895760
185693 608970
776848 783578
18744 799819
228635 753545
469266 128895
320901 682424
438555 661595
959697 899876
952598 143990
87719 982493
262123 601535
317951 391087
709414 766432
393312 798611
286316 326220
699991 278029
378226 371460
928061 518280
800824 686699
354518 549482
361321 68958
454678 156084
917857 824092
690366 908971
111302 610916
71558 644455
731332 230312
560336 630127
403755 614533
528490 727033
989853 297687
714138 31215
942432 863436
299539 274895
995705 360945
339388 574589
173556 543891
74667 480547
506229 64168
650882 738820
242633 589274
55723 632061
855763 19921
932039 800523
821977 173548
75651 366631
41199 552870
720979 629799
77379 765828
33723 465045
891705 127401
237550 290040
278835 981292
243817 951579
877672 794829
895756 721345
551321 200335
239523 909333
188422 508434
593476 110684
93846 472969
636297 123036
220504 998231
995314 698064
571587 977952
336386 58573
661643 444383
648317 708975
39281 589859
578140 706043
159878 923113
68262 545104
128050 840753
776124 697154
315310 521866
151027 306046
527427 427068
216616 293290
33049 42700
73086 977366
50176 716612
908162 508380
213671 882009
594684 48136
648457 636791
345165 676165
3765 805316
905330 759863
798105 154043
735018 470039
24687 68344
224393 42213
59115 681230
790392 422067
641655 166144
327782 921497
298248 716406
405877 30790
818220 989593
541322 471191
258466 201948
718105 590683
362071 74387
882154 739050
561155 258671
887848 373533
978432 205447
441334 843393
954633 46652
575005 337064
335195 415865
593753 697947
484247 398628
234849 818334
721758 620000
787604 956512
600196 498598
331958 470141
396866 391931
895124 470565
787456 117424
11015 799866
696847 306877
891601 844344
66928 119826
741527 994625
345377 489564
646943 98871
502680 726346
103544 425427
634673 609109
40954 115118
312975 553215
82081 162493
135470 810039
663133 711883
474767 138696
567883 442069
789915 811268
415287 577243
445853 721912
43840 715441
190336 93047
511565 114117
896611 432018
739675 473831
47772 473081
844032 478785
896198 481216
471254 336284
211189 414188
148114 838353
201026 72935
160631 153717
344609 407879
978074 554572
939929 575204
319857 316587
43672 739827
629672 311673
640661 881850
931562 824630
592003 704732
658724 551865
218751 59331
2288 97897
542214 875896
682829 748958
898991 260393
407574 662316
507799 634947
43247 758505
379271 727819
550876 650207
461344 108785
531339 640033
774328 573975
830735 377804
891675 403873
974067 108858
123966 773470
866063 185599
482625 308695
339608 633147
407097 208577
711620 261143
780569 837589
775716 447617
20405 895785
628364 575245
829152 165587
659572 317574
981376 919081
407798 584214
913802 282415
539307 987469
18954 699630
718556 728799
956628 20962
981565 844115
514294 126889
848097 303867
966681 848507
664427 536958
677152 804201
162916 528674
119068 539398
805728 839308
184198 745502
925857 678677
762129 824589
596087 278223
960083 411025
22163 695363
911109 70823
207553 483523
975059 61068
528579 232566
88664 897084
733459 120018
30886 786459
774171 87611
73202 55241
557324 592470
704477 942426
869820 613743
228442 420688
892798 382487
340357 898533
232963 336273
250160 164986
249286 683775
599664 939389
344323 329857
187791 899213
327373 946682
737601 414341
394747 690032
304894 975106
700192 153846
533237 799216
956488 498219
93258 652766
935154 78248
283557 982225
683266 739077
667207 327290
628767 853338
415777 490890
856329 104626
617381 789004
394726 938351
536887 731606
477651 41660
313445 987964
696974 610854
866242 361424
254411 818996
28482 844980
773345 447430
81269 400071
549158 151746
449456 118589
