904815 837443
436975 716286
32573 954397
586021 28433
975057 918555
833531 65849
545084 183481
727997 268817
393845 923795
507141 922595
225225 29273
880787 554937
319714 292312
244363 372235
905718 112800
329399 565461
567291 216682
398736 131247
823443 900367
670455 630258
466472 323222
958866 895595
538371 333734
615844 752968
611807 434613
343851 355197
473827 742061
797957 856143
441707 713892
96581 392841
132739 755512
276369 591334
58444 825162
722600 224381
627001 587085
3572 774615
289343 606207
273031 923157
229870 195406
540060 960560
274819 27567
121647 419831
617885 587998
266794 565325
929382 370748
622975 749702
735573 320246
571621 820543
293291 747561
343083 684500
469967 601438
926152 287603
242996 720873
420361 444174
359034 649615
371711 626056
817487 437879
8946 548445
635433 450576
357172 887569
956769 702510
763864 85006
876303 613673
851877 664422
440135 868922
715310 755024
268256 774979
514750 85279
198981 826511
262422 85266
712171 664000
788358 754351
310261 53495
956884 845272
387550 689132
844794 519730
440491 245572
892423 587681
279364 870039
523927 814674
869027 151446
939799 855553
673349 248760
208197 497780
632759 955871
110832 47852
975128 124747
644839 705112
669875 699480
176273 177156
693107 39211
321553 545184
528853 197866
575025 246131
680878 285659
388755 61234
36762 333154
359266 279404
597786 788906
265633 93361
311536 641727
123885 385930
542675 644720
184858 512499
304720 319822
73855 963996
783223 329195
189612 58093
680387 264059
23105 479523
989362 650724
387572 575318
668292 99355
919748 573570
984210 137294
41766 762511
277833 996259
772767 74557
511725 220171
573599 220665
458750 618776
935254 458898
473338 32787
985344 961815
831567 32169
882832 465992
622129 658751
364401 36793
633542 650897
263783 436623
10718 727807
690432 379393
840987 151713
327369 861234
963099 269748
921621 956530
540814 988085
819413 763487
44834 683645
93112 356681
79692 720398
452979 411128
587269 320316
531079 260652
871309 516463
337491 428153
658613 246503
627359 626594
956039 519567
143759 793264
93306 70801
270811 944425
775925 33358
658051 602385
509188 881466
173372 952453
300949 48148
780184 930971
235551 315862
554691 989072
941351 644955
52007 257536
627743 523704
985270 532750
525563 951375
326911 668335
255220 736785
80893 213915
592342 634883
165391 664044
607390 393230
647298 355776
295889 128815
729430 226181
773505 478871
39759 24581
182040 348607
70044 542965
890992 949717
439766 166749
17527 980830
717519 684670
410380 36866
282192 827055
567558 170709
924686 275282
266525 637318
872464 498169
746228 945766
630866 611508
661128 443363
636948 151271
456581 814959
821288 498170
967282 784644
642491 192776
332031 8137
222433 965384
614603 109011
955207 414112
844680 839502
408333 416404
331351 239314
293943 459723
679474 778341
65375 613191
271706 394883
490428 704632
459375 566355
579386 815410
65874 537369
975860 170942
997600 180405
125951 835207
656360 332861
319720 792923
745845 248799
348540 258915
772897 860130
953830 472373
431984 625699
897150 420471
6669 501993
991376 469205
881331 489106
679706 168953
977243 10529
124559 497862
215108 472449
5078 152338
179905 475668
346878 651041
371911 755215
606548 367474
662162 832926
207562 555302
878743 277083
599280 99876
868660 938111
622558 280286
132031 90814
628678 582878
164446 360011
872882 148642
17081 579362
672761 345497
307006 10500
893668 668526
409119 133882
266428 364714
980223 806801
575348 381178
244037 772216
181778 993577
180958 212140
970769 331259
939907 803544
821779 760443
440376 674342
620991 847138
733721 939990
696212 593168
558162 572025
129154 940123
481464 442885
363277 272496
134952 935056
571554 672808
917150 752404
991047 176718
384020 219402
218445 651785
896416 645053
111820 702507
5463 633857
762428 318159
986315 924998
750229 843360
384809 999269
204394 691251
720698 270903
779252 237837
36572 656815
524548 223360
203605 465964
716448 409227
592365 423488
67594 955543
624962 121592
228350 855189
493017 686520
186946 610337
298551 211839
583511 355201
895565 678767
707550 515863
548583 127242
815269 879606
75761 802080
106909 100474
