54 76
1700 7600
43000 81000
68000 89000
350 550
700 4700
170 640
310 910
700 4900
160 210
78000 84000
190 820
18000 56000
21000 21000
3900 7200
2200 7900
79000 97000
31 100
2000 76000
30 270
120 230
18000 52000
480 530
560 840
5600 6800
51000 89000
400 6700
1500 5900
700 780
320000 890000
34000 76000
800 3300
16000 44000
10000 310000
21000 69000
31000 88000
20000 48000
6700 8800
370 410
2700 4000
430000 730000
380000 890000
490 850
4300 5500
67000 100000
20000 30000
25000 71000
5200 9300
400 460
45 74
69 91
60000 75000
220 320
44000 68000
87000 90000
21000 84000
150 580
820 920
63 67
1600 8800
540 930
160 230
1000 17000
840 990
490000 750000
6400 9700
3 5
91 98
40000 50000
190 210
5200 8400
50 90
63000 84000
48000 58000
11 45
53000 60000
1500 6000
80 280
3400 5600
11000 87000
45000 94000
5300 6800
38 40
20000 900000
320 550
38000 82000
35000 96000
20000 78000
270000 380000
460 560
4400 8600
70000 350000
12000 81000
11000 91000
41000 69000
5900 9100
100000 160000
34000 46000
16000 46000
21000 43000
57 83
120 560
15000 35000
700 7500
170 850
5200 8200
31000 93000
49000 88000
32000 51000
520000 910000
34000 75000
500 960
1400 9100
4900 5700
280 850
730 950
350 640
38000 42000
300 700
27 36
19 87
7 8
22000 56000
430000 950000
50000 960000
50000 69000
140000 980000
90 930
450000 500000
970 1000
40000 66000
51000 74000
62000 66000
40000 79000
1000 82000
46 64
8900 9600
11000 62000
370 880
43000 99000
10 530
80000 270000
650000 870000
260 280
70 610
70000 85000
10000 33000
18 23
4000 18000
6100 10000
15000 28000
8 30
40 460
110 660
500000 910000
24000 69000
3200 9500
50000 300000
8700 8900
130 990
240000 500000
59000 94000
53000 58000
320 990
320000 890000
62000 82000
280000 890000
920000 960000
410 570
38000 75000
20000 340000
32000 83000
2700 7700
70000 300000
3400 6000
59000 88000
10000 53000
8000 50000
4 4
780000 900000
100 500
180 690
450 580
430000 870000
16000 54000
69000 70000
10000 51000
63000 68000
660 820
220 670
540 670
40000 52000
35000 93000
61 87
900 900
1000 87000
800 910
54000 84000
9 92
12 94
2400 3800
170 900
49 83
29000 93000
12000 14000
8 13
430 510
70 890
34000 79000
83 89
3200 4900
7000 98000
2700 7600
6600 9100
32000 49000
59000 85000
31000 60000
4000 7900
210 620
19000 95000
36000 85000
240 300
590 890
2200 6900
2400 3500
6000 84000
420000 460000
54000 77000
340 1000
15 66
1400 7500
520000 990000
3400 6600
9 55
50 90
4 85
420 720
410000 760000
430000 750000
1800 9000
7 22
440 850
40000 760000
700 810
21000 54000
2400 5900
180 240
54000 64000
37 62
1000 90000
11000 47000
61 85
420 680
19000 51000
4600 6100
290 800
1700 7000
2100 7100
500 4100
16 60
4100 7100
400 690
16000 26000
11000 41000
35000 62000
180 590
4600 7600
20000 110000
3 57
810000 920000
79 88
160000 350000
5700 7200
64000 77000
610 690
1200 4200
37000 60000
73000 98000
53000 89000
1700 9000
7 11
300 6400
3500 6100
2300 6000
2600 5500
28000 54000
720 910
5000 39000
370 690
100 880
5100 9100
77000 79000
130 500
770 900
5300 7900
16000 54000
1300 7200
73000 77000
1 999999
10 10
