16 98
70 67
74 24
40 21
70 49
56 62
98 8
56 32
64 21
90 51
6 79
51 73
86 22
27 40
21 82
46 4
67 6
100 1
18 28
28 77
27 54
9 67
12 5
82 97
37 73
37 91
20 52
63 44
95 29
88 22
58 29
71 13
86 34
80 50
79 56
53 23
33 23
100 27
76 87
76 1
45 59
79 78
19 5
21 10
88 22
2 41
58 54
30 6
84 98
49 36
625 952
127 45
270 638
434 800
836 911
482 890
101 624
397 636
425 748
186 595
390 515
338 358
246 688
420 398
477 191
629 93
483 732
792 201
839 654
905 830
602 496
115 545
123 401
649 486
676 149
314 964
855 608
965 876
765 707
900 771
146 743
421 25
486 911
308 876
656 969
512 372
264 241
691 503
26 936
664 180
173 601
756 924
42 70
673 214
129 882
83 100
472 145
622 222
636 753
170 967
635 1000
531 555
889 714
758 595
460 579
301 191
571 763
319 720
218 349
916 972
71 514
257 363
793 666
73 783
513 514
851 655
212 130
907 773
859 109
426 544
979 589
955 386
629 914
489 79
214 373
752 159
844 652
877 329
729 679
45 765
21 669
89 664
8 292
536 954
999 143
584 902
181 959
249 569
720 395
958 229
7 507
268 136
551 707
108 101
485 802
543 192
260 277
939 161
13 494
26 414
605931 888073
624631 500756
408120 324790
943660 391960
116132 758175
449309 840209
139507 607904
774221 413930
769785 346645
861789 578698
904889 889300
602908 690475
928339 561232
906392 183490
153632 838141
36962 540690
439634 91940
508636 499967
410359 472568
499189 296907
336708 506447
555241 648718
43963 837962
422698 56918
789384 278173
838725 686571
463647 266374
709854 156856
277853 945811
877207 129706
743686 631154
124826 708985
251318 51862
104350 667576
955483 403633
263938 364038
941407 486155
787042 765830
601811 921043
675710 885433
330349 707346
378937 10589
121173 909232
7180 207031
833972 577971
237748 411615
242364 360952
404794 552362
794967 154662
204558 848129
306771 285472
878313 629892
83636 789220
145433 327045
409259 706855
892154 656271
311030 694776
8417 845251
611278 318000
534214 295964
337145 634166
993123 2268
773973 594464
716921 358343
41921 920060
27569 548342
706362 912082
651122 537020
2247 481959
278944 630930
35313 770137
333957 383815
895385 322210
828437 872900
512756 525356
268396 237415
983102 570829
795442 936134
462912 713691
560699 843163
636301 856880
551356 704614
181455 81106
362147 203717
635425 974105
112657 787182
209379 346616
207161 221655
462845 245932
723191 865288
622100 892443
861943 701050
96608 198106
648125 244335
108101 629079
678528 371182
940071 226649
260168 359147
371100 985468
925204 464036
1 1
999999 999999
