687848 63945
15954 307763
619644 118363
859659 844925
234772 513662
688873 961780
854041 109227
79801 206493
181822 327818
721783 162485
926255 204547
32530 185150
929098 237213
763721 724170
5249 725007
623339 74243
980458 564434
424268 524237
766672 883243
249959 131803
30170 331642
946572 41197
44424 603302
343420 839335
436394 748178
659721 148439
924497 957597
972494 61291
951787 294463
29802 360703
852788 748585
423058 559559
966391 887974
582125 309972
900816 875187
981389 844886
859430 224740
770112 746954
127450 731865
890717 590168
868094 843158
763502 218351
615084 186467
581004 708808
300696 287924
14219 702935
182196 795385
448888 801911
281802 552290
869599 786026
342326 284968
446465 873039
327522 455828
90632 47154
421639 934027
704245 838164
30650 675146
993343 237997
562987 617044
121560 862726
298359 659820
152121 218423
236911 8268
850082 465036
155580 10581
406350 749560
591149 487977
768841 432624
955046 354742
763898 252497
121756 555156
241532 328656
829452 114311
353777 913971
42674 228934
324439 233439
628572 35026
39814 810211
393810 773816
203687 855125
900642 129051
992639 474821
102996 312986
870316 881202
556751 768540
440030 29128
131692 561640
834808 697459
291779 320725
502481 82791
627901 237402
586826 132621
870267 578460
32568 832107
825703 403173
310968 431764
50618 977709
352044 169039
263017 526445
962283 113163
87233 254992
869964 902672
930303 770085
165535 420426
1143 840500
984105 45997
693448 296995
84006 428765
462229 584985
681056 999429
202013 424923
708496 331544
98975 233516
808965 104147
400931 274445
373686 792024
219430 966469
381827 476279
843006 29803
400381 13662
408032 939310
273907 746835
784433 36828
204135 470235
680182 536619
176968 335040
652257 47700
89417 860157
411510 136576
832922 302171
296544 414397
645116 780484
541861 803471
213136 565458
927766 474048
733411 644799
36848 379567
696314 150478
244419 900879
981877 150511
356927 699838
551663 450615
373159 942036
496813 508255
91503 808890
396403 526841
68666 890933
910571 811596
547473 957244
360913 181149
374130 674123
426850 790582
808318 961927
773247 52572
885383 965574
393341 987464
319960 837613
895833 99485
612599 116682
606078 481341
715795 664846
68843 478361
595745 230426
241423 121785
352330 637463
661136 767921
322462 730244
741589 169915
37445 75279
918056 420560
818912 888744
61415 912038
763011 112994
52400 803978
173583 437784
4103 110755
343824 55741
84612 269738
156751 240104
357418 864433
9676 544933
758806 1869
49749 920818
671452 736119
299097 33851
135031 367910
485194 358383
346763 908126
786468 304133
567996 737631
225480 373430
945276 425461
109193 353149
729415 913288
383541 18416
240349 260051
92444 491259
351891 990426
6740 758976
409614 237192
97031 960093
603656 619576
866470 660601
843859 772987
617472 453386
990239 217394
302865 397923
136988 859852
737029 750521
608120 180671
180730 656548
370651 199009
568705 755048
915880 640406
509856 28535
958409 598009
954193 130507
99334 700238
282489 124276
717596 463259
358544 307197
831863 417947
612708 734241
951543 813645
187598 884113
528802 940496
94240 759121
876244 394942
708103 358439
804658 134989
949848 655373
202484 776340
44098 205840
778872 221414
690824 465973
276321 60567
41333 451849
268495 994744
529526 673650
211665 206376
153911 519331
964317 893768
431786 27593
70697 100128
462074 506968
23344 917763
789114 72421
711372 794756
41799 366398
504296 215109
834797 231553
917734 157935
827934 865438
749399 179357
95634 169115
767134 466402
395302 324185
432185 405523
109095 421415
470697 774455
239015 304279
952887 84775
379141 967009
927919 426395
914477 868632
323000 627287
55581 630264
797952 488840
419081 476656
556073 378598
650903 843529
530218 203682
234157 836808
992878 525662
717678 466867
881898 185486
903984 169972
396040 956940
468173 495812
130858 237471
865698 316006
553128 604605
97641 4585
27953 891687
622634 298741
24717 574929
481137 2644
666822 381379
782501 945066
103433 526418
895372 856606
790799 236545
268113 863896
680107 59674
161356 12214
121388 395463
962503 158982
556185 569276
224157 985491
229597 546160
