952171 641786
395068 785163
469653 608220
677036 618741
966087 481160
300881 764593
113758 271384
860832 438301
703878 526624
639719 755116
548201 620926
482420 936454
427198 357280
225209 786195
891350 802452
552317 659727
795627 229865
145066 953404
636655 961035
658483 678322
874535 165034
284017 536507
587446 788475
346734 245162
211501 431342
105028 725094
439903 846211
537711 868834
683805 168126
514356 583609
812503 878419
307364 152047
145789 120215
716947 521089
888591 443787
319797 796657
453822 159518
386916 890581
66659 660061
4076 600658
633978 745817
88644 356701
138737 287289
925191 713677
617527 824899
110051 438788
673859 904103
538646 647929
73066 218413
147889 888180
833958 872536
130543 575455
314227 470039
572332 570197
4309 516688
811316 2525
40990 682800
587601 197627
713592 105833
345068 387704
707279 507065
144795 311596
72305 31373
894246 952985
564551 98022
123158 531738
878506 382219
596515 971580
418078 867176
740996 300121
460141 791979
769138 430560
208344 307887
728254 325909
709654 918326
577567 497338
139489 717108
3011 513871
161872 12795
874384 873761
263539 352334
643444 29059
101777 733780
379591 14691
435929 562518
83438 155247
349407 356179
816549 376325
71688 225180
88739 291963
213207 785326
159175 430108
705086 48337
41674 969731
748118 94684
963486 969829
80162 821983
625624 810201
773353 872648
513482 31801
782585 362339
375682 731456
355262 393943
40637 218649
240056 287680
836380 248881
631794 756895
668162 221589
969951 632630
896050 376497
449046 943998
259883 679931
876217 170949
232068 822078
651392 778182
322832 746685
356617 604741
815414 866471
992121 980047
25058 972189
986678 880090
958383 339232
371220 677133
69766 60074
217931 358494
838759 908426
275133 696370
419456 356696
975191 977738
70626 908866
47218 999488
88526 717987
931035 227237
814692 864751
839161 683111
833823 691247
497530 438818
267330 683137
422409 203511
239107 378384
354865 749753
802875 826571
414914 914555
771798 809704
69709 395393
343545 425816
138642 656868
583865 140720
239317 496565
274690 770023
677060 967511
791521 551178
131640 49188
757943 801334
644220 458577
847067 39403
625235 501890
424749 791859
874711 264729
368665 212605
429606 588128
578547 942707
540990 467765
477766 513395
886435 274588
434590 325612
45364 118199
877583 690700
785891 41105
637116 673393
663045 951223
452086 349709
350977 342471
76957 178857
229892 648266
380625 646407
87152 491630
475490 467608
276181 263709
400422 492874
938368 248649
716175 404962
6964 352600
855626 713879
251032 383746
673149 713113
348783 227234
578507 579944
550783 713619
552889 58105
687493 426906
403921 369067
549924 637762
157418 139485
894316 217553
285730 552068
891964 570250
806767 352853
306843 344881
453314 597413
800140 703720
145328 904328
365921 743732
402547 35436
972706 340363
56906 223136
582844 390456
650178 875583
209541 397632
1 999999
